Crank_angle,Volume,cf_value,density,viscosity,cetane,mass_of_fuel,load,pressure
1,40.16,36300,944.4,33.59,31,0.00008,3.89,2.49
2,40.34,36300,944.4,33.59,31,0.00008,3.89,2.43
3,40.65,36300,944.4,33.59,31,0.00008,3.89,2.39
4,41.09,36300,944.4,33.59,31,0.00008,3.89,2.36
5,41.65,36300,944.4,33.59,31,0.00008,3.89,2.32
6,42.33,36300,944.4,33.59,31,0.00008,3.89,2.29
7,43.14,36300,944.4,33.59,31,0.00008,3.89,2.26
8,44.07,36300,944.4,33.59,31,0.00008,3.89,2.16
9,45.12,36300,944.4,33.59,31,0.00008,3.89,2.06
10,46.29,36300,944.4,33.59,31,0.00008,3.89,1.99
11,47.59,36300,944.4,33.59,31,0.00008,3.89,1.89
12,49,36300,944.4,33.59,31,0.00008,3.89,1.79
13,50.54,36300,944.4,33.59,31,0.00008,3.89,1.79
14,52.19,36300,944.4,33.59,31,0.00008,3.89,1.68
15,53.97,36300,944.4,33.59,31,0.00008,3.89,1.58
16,55.86,36300,944.4,33.59,31,0.00008,3.89,1.55
17,57.87,36300,944.4,33.59,31,0.00008,3.89,1.52
18,60,36300,944.4,33.59,31,0.00008,3.89,1.58
19,62.24,36300,944.4,33.59,31,0.00008,3.89,1.55
20,64.59,36300,944.4,33.59,31,0.00008,3.89,1.52
21,67.06,36300,944.4,33.59,31,0.00008,3.89,1.58
22,69.64,36300,944.4,33.59,31,0.00008,3.89,1.52
23,72.33,36300,944.4,33.59,31,0.00008,3.89,1.52
24,75.13,36300,944.4,33.59,31,0.00008,3.89,1.48
25,78.04,36300,944.4,33.59,31,0.00008,3.89,1.45
26,81.06,36300,944.4,33.59,31,0.00008,3.89,1.48
27,84.18,36300,944.4,33.59,31,0.00008,3.89,1.48
28,87.4,36300,944.4,33.59,31,0.00008,3.89,1.48
29,90.73,36300,944.4,33.59,31,0.00008,3.89,1.52
30,94.16,36300,944.4,33.59,31,0.00008,3.89,1.55
31,97.68,36300,944.4,33.59,31,0.00008,3.89,1.48
32,101.31,36300,944.4,33.59,31,0.00008,3.89,1.48
33,105.03,36300,944.4,33.59,31,0.00008,3.89,1.52
34,108.85,36300,944.4,33.59,31,0.00008,3.89,1.55
35,112.76,36300,944.4,33.59,31,0.00008,3.89,1.48
36,116.75,36300,944.4,33.59,31,0.00008,3.89,1.52
37,120.84,36300,944.4,33.59,31,0.00008,3.89,1.58
38,125.02,36300,944.4,33.59,31,0.00008,3.89,1.55
39,129.28,36300,944.4,33.59,31,0.00008,3.89,1.52
40,133.63,36300,944.4,33.59,31,0.00008,3.89,1.58
41,138.05,36300,944.4,33.59,31,0.00008,3.89,1.52
42,142.56,36300,944.4,33.59,31,0.00008,3.89,1.58
43,147.15,36300,944.4,33.59,31,0.00008,3.89,1.55
44,151.81,36300,944.4,33.59,31,0.00008,3.89,1.52
45,156.54,36300,944.4,33.59,31,0.00008,3.89,1.55
46,161.35,36300,944.4,33.59,31,0.00008,3.89,1.52
47,166.22,36300,944.4,33.59,31,0.00008,3.89,1.58
48,171.16,36300,944.4,33.59,31,0.00008,3.89,1.55
49,176.17,36300,944.4,33.59,31,0.00008,3.89,1.52
50,181.24,36300,944.4,33.59,31,0.00008,3.89,1.55
51,186.37,36300,944.4,33.59,31,0.00008,3.89,1.52
52,191.56,36300,944.4,33.59,31,0.00008,3.89,1.58
53,196.81,36300,944.4,33.59,31,0.00008,3.89,1.52
54,202.11,36300,944.4,33.59,31,0.00008,3.89,1.55
55,207.46,36300,944.4,33.59,31,0.00008,3.89,1.52
56,212.87,36300,944.4,33.59,31,0.00008,3.89,1.55
57,218.32,36300,944.4,33.59,31,0.00008,3.89,1.52
58,223.81,36300,944.4,33.59,31,0.00008,3.89,1.58
59,229.35,36300,944.4,33.59,31,0.00008,3.89,1.55
60,234.93,36300,944.4,33.59,31,0.00008,3.89,1.52
61,240.55,36300,944.4,33.59,31,0.00008,3.89,1.55
62,246.21,36300,944.4,33.59,31,0.00008,3.89,1.52
63,251.9,36300,944.4,33.59,31,0.00008,3.89,1.55
64,257.62,36300,944.4,33.59,31,0.00008,3.89,1.52
65,263.37,36300,944.4,33.59,31,0.00008,3.89,1.55
66,269.14,36300,944.4,33.59,31,0.00008,3.89,1.52
67,274.95,36300,944.4,33.59,31,0.00008,3.89,1.55
68,280.77,36300,944.4,33.59,31,0.00008,3.89,1.52
69,286.62,36300,944.4,33.59,31,0.00008,3.89,1.55
70,292.48,36300,944.4,33.59,31,0.00008,3.89,1.52
71,298.36,36300,944.4,33.59,31,0.00008,3.89,1.55
72,304.25,36300,944.4,33.59,31,0.00008,3.89,1.52
73,310.16,36300,944.4,33.59,31,0.00008,3.89,1.55
74,316.07,36300,944.4,33.59,31,0.00008,3.89,1.48
75,322,36300,944.4,33.59,31,0.00008,3.89,1.52
76,327.92,36300,944.4,33.59,31,0.00008,3.89,1.55
77,333.85,36300,944.4,33.59,31,0.00008,3.89,1.52
78,339.78,36300,944.4,33.59,31,0.00008,3.89,1.55
79,345.71,36300,944.4,33.59,31,0.00008,3.89,1.48
80,351.64,36300,944.4,33.59,31,0.00008,3.89,1.52
81,357.56,36300,944.4,33.59,31,0.00008,3.89,1.55
82,363.48,36300,944.4,33.59,31,0.00008,3.89,1.48
83,369.38,36300,944.4,33.59,31,0.00008,3.89,1.52
84,375.27,36300,944.4,33.59,31,0.00008,3.89,1.55
85,381.15,36300,944.4,33.59,31,0.00008,3.89,1.48
86,387.02,36300,944.4,33.59,31,0.00008,3.89,1.48
87,392.87,36300,944.4,33.59,31,0.00008,3.89,1.52
88,398.69,36300,944.4,33.59,31,0.00008,3.89,1.55
89,404.5,36300,944.4,33.59,31,0.00008,3.89,1.48
90,410.29,36300,944.4,33.59,31,0.00008,3.89,1.52
91,416.05,36300,944.4,33.59,31,0.00008,3.89,1.52
92,421.78,36300,944.4,33.59,31,0.00008,3.89,1.52
93,427.49,36300,944.4,33.59,31,0.00008,3.89,1.52
94,433.17,36300,944.4,33.59,31,0.00008,3.89,1.52
95,438.81,36300,944.4,33.59,31,0.00008,3.89,1.55
96,444.43,36300,944.4,33.59,31,0.00008,3.89,1.52
97,450.01,36300,944.4,33.59,31,0.00008,3.89,1.55
98,455.55,36300,944.4,33.59,31,0.00008,3.89,1.55
99,461.06,36300,944.4,33.59,31,0.00008,3.89,1.48
100,466.52,36300,944.4,33.59,31,0.00008,3.89,1.52
101,471.95,36300,944.4,33.59,31,0.00008,3.89,1.55
102,477.34,36300,944.4,33.59,31,0.00008,3.89,1.52
103,482.68,36300,944.4,33.59,31,0.00008,3.89,1.58
104,487.98,36300,944.4,33.59,31,0.00008,3.89,1.55
105,493.23,36300,944.4,33.59,31,0.00008,3.89,1.55
106,498.43,36300,944.4,33.59,31,0.00008,3.89,1.52
107,503.59,36300,944.4,33.59,31,0.00008,3.89,1.58
108,508.7,36300,944.4,33.59,31,0.00008,3.89,1.58
109,513.75,36300,944.4,33.59,31,0.00008,3.89,1.58
110,518.76,36300,944.4,33.59,31,0.00008,3.89,1.58
111,523.71,36300,944.4,33.59,31,0.00008,3.89,1.55
112,528.6,36300,944.4,33.59,31,0.00008,3.89,1.55
113,533.45,36300,944.4,33.59,31,0.00008,3.89,1.58
114,538.23,36300,944.4,33.59,31,0.00008,3.89,1.62
115,542.96,36300,944.4,33.59,31,0.00008,3.89,1.58
116,547.63,36300,944.4,33.59,31,0.00008,3.89,1.58
117,552.25,36300,944.4,33.59,31,0.00008,3.89,1.62
118,556.8,36300,944.4,33.59,31,0.00008,3.89,1.62
119,561.29,36300,944.4,33.59,31,0.00008,3.89,1.62
120,565.72,36300,944.4,33.59,31,0.00008,3.89,1.62
121,570.09,36300,944.4,33.59,31,0.00008,3.89,1.62
122,574.4,36300,944.4,33.59,31,0.00008,3.89,1.62
123,578.64,36300,944.4,33.59,31,0.00008,3.89,1.62
124,582.82,36300,944.4,33.59,31,0.00008,3.89,1.62
125,586.93,36300,944.4,33.59,31,0.00008,3.89,1.62
126,590.98,36300,944.4,33.59,31,0.00008,3.89,1.62
127,594.96,36300,944.4,33.59,31,0.00008,3.89,1.65
128,598.87,36300,944.4,33.59,31,0.00008,3.89,1.68
129,602.72,36300,944.4,33.59,31,0.00008,3.89,1.65
130,606.49,36300,944.4,33.59,31,0.00008,3.89,1.68
131,610.2,36300,944.4,33.59,31,0.00008,3.89,1.62
132,613.84,36300,944.4,33.59,31,0.00008,3.89,1.65
133,617.41,36300,944.4,33.59,31,0.00008,3.89,1.65
134,620.91,36300,944.4,33.59,31,0.00008,3.89,1.72
135,624.34,36300,944.4,33.59,31,0.00008,3.89,1.68
136,627.7,36300,944.4,33.59,31,0.00008,3.89,1.68
137,630.99,36300,944.4,33.59,31,0.00008,3.89,1.65
138,634.2,36300,944.4,33.59,31,0.00008,3.89,1.72
139,637.35,36300,944.4,33.59,31,0.00008,3.89,1.72
140,640.42,36300,944.4,33.59,31,0.00008,3.89,1.68
141,643.42,36300,944.4,33.59,31,0.00008,3.89,1.68
142,646.34,36300,944.4,33.59,31,0.00008,3.89,1.68
143,649.19,36300,944.4,33.59,31,0.00008,3.89,1.72
144,651.97,36300,944.4,33.59,31,0.00008,3.89,1.72
145,654.68,36300,944.4,33.59,31,0.00008,3.89,1.72
146,657.31,36300,944.4,33.59,31,0.00008,3.89,1.72
147,659.86,36300,944.4,33.59,31,0.00008,3.89,1.72
148,662.35,36300,944.4,33.59,31,0.00008,3.89,1.72
149,664.75,36300,944.4,33.59,31,0.00008,3.89,1.75
150,667.09,36300,944.4,33.59,31,0.00008,3.89,1.72
151,669.34,36300,944.4,33.59,31,0.00008,3.89,1.75
152,671.52,36300,944.4,33.59,31,0.00008,3.89,1.75
153,673.63,36300,944.4,33.59,31,0.00008,3.89,1.79
154,675.66,36300,944.4,33.59,31,0.00008,3.89,1.79
155,677.62,36300,944.4,33.59,31,0.00008,3.89,1.79
156,679.5,36300,944.4,33.59,31,0.00008,3.89,1.79
157,681.3,36300,944.4,33.59,31,0.00008,3.89,1.82
158,683.03,36300,944.4,33.59,31,0.00008,3.89,1.72
159,684.68,36300,944.4,33.59,31,0.00008,3.89,1.79
160,686.25,36300,944.4,33.59,31,0.00008,3.89,1.82
161,687.75,36300,944.4,33.59,31,0.00008,3.89,1.72
162,689.17,36300,944.4,33.59,31,0.00008,3.89,1.79
163,690.52,36300,944.4,33.59,31,0.00008,3.89,1.82
164,691.79,36300,944.4,33.59,31,0.00008,3.89,1.75
165,692.98,36300,944.4,33.59,31,0.00008,3.89,1.82
166,694.09,36300,944.4,33.59,31,0.00008,3.89,1.75
167,695.13,36300,944.4,33.59,31,0.00008,3.89,1.82
168,696.09,36300,944.4,33.59,31,0.00008,3.89,1.75
169,696.98,36300,944.4,33.59,31,0.00008,3.89,1.82
170,697.79,36300,944.4,33.59,31,0.00008,3.89,1.75
171,698.52,36300,944.4,33.59,31,0.00008,3.89,1.82
172,699.17,36300,944.4,33.59,31,0.00008,3.89,1.79
173,699.75,36300,944.4,33.59,31,0.00008,3.89,1.85
174,700.25,36300,944.4,33.59,31,0.00008,3.89,1.82
175,700.67,36300,944.4,33.59,31,0.00008,3.89,1.79
176,701.02,36300,944.4,33.59,31,0.00008,3.89,1.85
177,701.29,36300,944.4,33.59,31,0.00008,3.89,1.82
178,701.48,36300,944.4,33.59,31,0.00008,3.89,1.79
179,701.59,36300,944.4,33.59,31,0.00008,3.89,1.89
180,701.63,36300,944.4,33.59,31,0.00008,3.89,1.82
181,701.59,36300,944.4,33.59,31,0.00008,3.89,1.79
182,701.48,36300,944.4,33.59,31,0.00008,3.89,1.89
183,701.28,36300,944.4,33.59,31,0.00008,3.89,1.82
184,701.01,36300,944.4,33.59,31,0.00008,3.89,1.82
185,700.66,36300,944.4,33.59,31,0.00008,3.89,1.79
186,700.24,36300,944.4,33.59,31,0.00008,3.89,1.89
187,699.74,36300,944.4,33.59,31,0.00008,3.89,1.82
188,699.16,36300,944.4,33.59,31,0.00008,3.89,1.82
189,698.5,36300,944.4,33.59,31,0.00008,3.89,1.79
190,697.77,36300,944.4,33.59,31,0.00008,3.89,1.89
191,696.96,36300,944.4,33.59,31,0.00008,3.89,1.85
192,696.07,36300,944.4,33.59,31,0.00008,3.89,1.85
193,695.11,36300,944.4,33.59,31,0.00008,3.89,1.85
194,694.07,36300,944.4,33.59,31,0.00008,3.89,1.85
195,692.95,36300,944.4,33.59,31,0.00008,3.89,1.85
196,691.76,36300,944.4,33.59,31,0.00008,3.89,1.85
197,690.49,36300,944.4,33.59,31,0.00008,3.89,1.85
198,689.14,36300,944.4,33.59,31,0.00008,3.89,1.85
199,687.72,36300,944.4,33.59,31,0.00008,3.89,1.85
200,686.22,36300,944.4,33.59,31,0.00008,3.89,1.85
201,684.65,36300,944.4,33.59,31,0.00008,3.89,1.85
202,682.99,36300,944.4,33.59,31,0.00008,3.89,1.85
203,681.27,36300,944.4,33.59,31,0.00008,3.89,1.89
204,679.46,36300,944.4,33.59,31,0.00008,3.89,1.85
205,677.58,36300,944.4,33.59,31,0.00008,3.89,1.89
206,675.63,36300,944.4,33.59,31,0.00008,3.89,1.89
207,673.59,36300,944.4,33.59,31,0.00008,3.89,1.85
208,671.49,36300,944.4,33.59,31,0.00008,3.89,1.89
209,669.3,36300,944.4,33.59,31,0.00008,3.89,1.89
210,667.05,36300,944.4,33.59,31,0.00008,3.89,1.92
211,664.71,36300,944.4,33.59,31,0.00008,3.89,1.95
212,662.3,36300,944.4,33.59,31,0.00008,3.89,1.89
213,659.82,36300,944.4,33.59,31,0.00008,3.89,1.92
214,657.27,36300,944.4,33.59,31,0.00008,3.89,1.95
215,654.63,36300,944.4,33.59,31,0.00008,3.89,1.92
216,651.93,36300,944.4,33.59,31,0.00008,3.89,1.95
217,649.15,36300,944.4,33.59,31,0.00008,3.89,1.95
218,646.3,36300,944.4,33.59,31,0.00008,3.89,1.95
219,643.37,36300,944.4,33.59,31,0.00008,3.89,1.95
220,640.37,36300,944.4,33.59,31,0.00008,3.89,1.95
221,637.3,36300,944.4,33.59,31,0.00008,3.89,1.95
222,634.16,36300,944.4,33.59,31,0.00008,3.89,1.99
223,630.94,36300,944.4,33.59,31,0.00008,3.89,2.02
224,627.65,36300,944.4,33.59,31,0.00008,3.89,1.99
225,624.29,36300,944.4,33.59,31,0.00008,3.89,2.02
226,620.87,36300,944.4,33.59,31,0.00008,3.89,2.02
227,617.36,36300,944.4,33.59,31,0.00008,3.89,2.06
228,613.79,36300,944.4,33.59,31,0.00008,3.89,2.09
229,610.16,36300,944.4,33.59,31,0.00008,3.89,2.06
230,606.45,36300,944.4,33.59,31,0.00008,3.89,2.12
231,602.67,36300,944.4,33.59,31,0.00008,3.89,2.09
232,598.82,36300,944.4,33.59,31,0.00008,3.89,2.09
233,594.91,36300,944.4,33.59,31,0.00008,3.89,2.09
234,590.93,36300,944.4,33.59,31,0.00008,3.89,2.12
235,586.89,36300,944.4,33.59,31,0.00008,3.89,2.16
236,582.77,36300,944.4,33.59,31,0.00008,3.89,2.16
237,578.6,36300,944.4,33.59,31,0.00008,3.89,2.16
238,574.36,36300,944.4,33.59,31,0.00008,3.89,2.19
239,570.05,36300,944.4,33.59,31,0.00008,3.89,2.22
240,565.68,36300,944.4,33.59,31,0.00008,3.89,2.19
241,561.25,36300,944.4,33.59,31,0.00008,3.89,2.26
242,556.76,36300,944.4,33.59,31,0.00008,3.89,2.26
243,552.21,36300,944.4,33.59,31,0.00008,3.89,2.29
244,547.6,36300,944.4,33.59,31,0.00008,3.89,2.29
245,542.93,36300,944.4,33.59,31,0.00008,3.89,2.32
246,538.2,36300,944.4,33.59,31,0.00008,3.89,2.36
247,533.41,36300,944.4,33.59,31,0.00008,3.89,2.29
248,528.57,36300,944.4,33.59,31,0.00008,3.89,2.39
249,523.68,36300,944.4,33.59,31,0.00008,3.89,2.39
250,518.73,36300,944.4,33.59,31,0.00008,3.89,2.39
251,513.72,36300,944.4,33.59,31,0.00008,3.89,2.39
252,508.67,36300,944.4,33.59,31,0.00008,3.89,2.46
253,503.56,36300,944.4,33.59,31,0.00008,3.89,2.49
254,498.41,36300,944.4,33.59,31,0.00008,3.89,2.49
255,493.2,36300,944.4,33.59,31,0.00008,3.89,2.49
256,487.95,36300,944.4,33.59,31,0.00008,3.89,2.49
257,482.66,36300,944.4,33.59,31,0.00008,3.89,2.56
258,477.32,36300,944.4,33.59,31,0.00008,3.89,2.59
259,471.93,36300,944.4,33.59,31,0.00008,3.89,2.66
260,466.51,36300,944.4,33.59,31,0.00008,3.89,2.66
261,461.04,36300,944.4,33.59,31,0.00008,3.89,2.7
262,455.54,36300,944.4,33.59,31,0.00008,3.89,2.7
263,450,36300,944.4,33.59,31,0.00008,3.89,2.73
264,444.42,36300,944.4,33.59,31,0.00008,3.89,2.83
265,438.81,36300,944.4,33.59,31,0.00008,3.89,2.83
266,433.16,36300,944.4,33.59,31,0.00008,3.89,2.86
267,427.49,36300,944.4,33.59,31,0.00008,3.89,2.93
268,421.78,36300,944.4,33.59,31,0.00008,3.89,2.93
269,416.05,36300,944.4,33.59,31,0.00008,3.89,2.96
270,410.29,36300,944.4,33.59,31,0.00008,3.89,3
271,404.5,36300,944.4,33.59,31,0.00008,3.89,3.03
272,398.7,36300,944.4,33.59,31,0.00008,3.89,3.07
273,392.87,36300,944.4,33.59,31,0.00008,3.89,3.17
274,387.02,36300,944.4,33.59,31,0.00008,3.89,3.13
275,381.16,36300,944.4,33.59,31,0.00008,3.89,3.27
276,375.28,36300,944.4,33.59,31,0.00008,3.89,3.34
277,369.39,36300,944.4,33.59,31,0.00008,3.89,3.37
278,363.49,36300,944.4,33.59,31,0.00008,3.89,3.4
279,357.58,36300,944.4,33.59,31,0.00008,3.89,3.5
280,351.66,36300,944.4,33.59,31,0.00008,3.89,3.5
281,345.73,36300,944.4,33.59,31,0.00008,3.89,3.57
282,339.8,36300,944.4,33.59,31,0.00008,3.89,3.64
283,333.87,36300,944.4,33.59,31,0.00008,3.89,3.71
284,327.95,36300,944.4,33.59,31,0.00008,3.89,3.74
285,322.02,36300,944.4,33.59,31,0.00008,3.89,3.87
286,316.1,36300,944.4,33.59,31,0.00008,3.89,3.98
287,310.19,36300,944.4,33.59,31,0.00008,3.89,3.98
288,304.28,36300,944.4,33.59,31,0.00008,3.89,4.08
289,298.39,36300,944.4,33.59,31,0.00008,3.89,4.21
290,292.51,36300,944.4,33.59,31,0.00008,3.89,4.31
291,286.65,36300,944.4,33.59,31,0.00008,3.89,4.38
292,280.8,36300,944.4,33.59,31,0.00008,3.89,4.48
293,274.98,36300,944.4,33.59,31,0.00008,3.89,4.65
294,269.18,36300,944.4,33.59,31,0.00008,3.89,4.65
295,263.4,36300,944.4,33.59,31,0.00008,3.89,4.78
296,257.65,36300,944.4,33.59,31,0.00008,3.89,4.92
297,251.93,36300,944.4,33.59,31,0.00008,3.89,5.02
298,246.25,36300,944.4,33.59,31,0.00008,3.89,5.22
299,240.59,36300,944.4,33.59,31,0.00008,3.89,5.32
300,234.97,36300,944.4,33.59,31,0.00008,3.89,5.42
301,229.4,36300,944.4,33.59,31,0.00008,3.89,5.66
302,223.86,36300,944.4,33.59,31,0.00008,3.89,5.73
303,218.36,36300,944.4,33.59,31,0.00008,3.89,5.9
304,212.91,36300,944.4,33.59,31,0.00008,3.89,6.13
305,207.51,36300,944.4,33.59,31,0.00008,3.89,6.27
306,202.16,36300,944.4,33.59,31,0.00008,3.89,6.47
307,196.86,36300,944.4,33.59,31,0.00008,3.89,6.67
308,191.61,36300,944.4,33.59,31,0.00008,3.89,6.84
309,186.42,36300,944.4,33.59,31,0.00008,3.89,7.14
310,181.29,36300,944.4,33.59,31,0.00008,3.89,7.38
311,176.22,36300,944.4,33.59,31,0.00008,3.89,7.61
312,171.21,36300,944.4,33.59,31,0.00008,3.89,7.85
313,166.27,36300,944.4,33.59,31,0.00008,3.89,8.15
314,161.39,36300,944.4,33.59,31,0.00008,3.89,8.46
315,156.59,36300,944.4,33.59,31,0.00008,3.89,8.76
316,151.85,36300,944.4,33.59,31,0.00008,3.89,9.1
317,147.19,36300,944.4,33.59,31,0.00008,3.89,9.43
318,142.61,36300,944.4,33.59,31,0.00008,3.89,9.74
319,138.1,36300,944.4,33.59,31,0.00008,3.89,10.17
320,133.67,36300,944.4,33.59,31,0.00008,3.89,10.51
321,129.33,36300,944.4,33.59,31,0.00008,3.89,11.02
322,125.07,36300,944.4,33.59,31,0.00008,3.89,11.46
323,120.89,36300,944.4,33.59,31,0.00008,3.89,11.96
324,116.8,36300,944.4,33.59,31,0.00008,3.89,12.43
325,112.8,36300,944.4,33.59,31,0.00008,3.89,12.97
326,108.89,36300,944.4,33.59,31,0.00008,3.89,13.54
327,105.07,36300,944.4,33.59,31,0.00008,3.89,14.15
328,101.35,36300,944.4,33.59,31,0.00008,3.89,14.79
329,97.72,36300,944.4,33.59,31,0.00008,3.89,15.43
330,94.2,36300,944.4,33.59,31,0.00008,3.89,16.1
331,90.77,36300,944.4,33.59,31,0.00008,3.89,16.81
332,87.44,36300,944.4,33.59,31,0.00008,3.89,17.65
333,84.21,36300,944.4,33.59,31,0.00008,3.89,18.46
334,81.09,36300,944.4,33.59,31,0.00008,3.89,19.31
335,78.08,36300,944.4,33.59,31,0.00008,3.89,20.25
336,75.17,36300,944.4,33.59,31,0.00008,3.89,21.16
337,72.37,36300,944.4,33.59,31,0.00008,3.89,22.17
338,69.67,36300,944.4,33.59,31,0.00008,3.89,23.15
339,67.09,36300,944.4,33.59,31,0.00008,3.89,24.19
340,64.62,36300,944.4,33.59,31,0.00008,3.89,25.3
341,62.27,36300,944.4,33.59,31,0.00008,3.89,26.48
342,60.03,36300,944.4,33.59,31,0.00008,3.89,27.59
343,57.9,36300,944.4,33.59,31,0.00008,3.89,28.84
344,55.89,36300,944.4,33.59,31,0.00008,3.89,29.99
345,53.99,36300,944.4,33.59,31,0.00008,3.89,31.1
346,52.22,36300,944.4,33.59,31,0.00008,3.89,32.24
347,50.56,36300,944.4,33.59,31,0.00008,3.89,33.42
348,49.02,36300,944.4,33.59,31,0.00008,3.89,34.53
349,47.6,36300,944.4,33.59,31,0.00008,3.89,35.65
350,46.31,36300,944.4,33.59,31,0.00008,3.89,36.66
351,45.13,36300,944.4,33.59,31,0.00008,3.89,37.77
352,44.08,36300,944.4,33.59,31,0.00008,3.89,39.08
353,43.15,36300,944.4,33.59,31,0.00008,3.89,41.14
354,42.34,36300,944.4,33.59,31,0.00008,3.89,44.67
355,41.66,36300,944.4,33.59,31,0.00008,3.89,48.92
356,41.09,36300,944.4,33.59,31,0.00008,3.89,54.51
357,40.66,36300,944.4,33.59,31,0.00008,3.89,64.52
358,40.35,36300,944.4,33.59,31,0.00008,3.89,71.63
359,40.16,36300,944.4,33.59,31,0.00008,3.89,72.2
360,40.09,36300,944.4,33.59,31,0.00008,3.89,72.34
361,40.15,36300,944.4,33.59,31,0.00008,3.89,69.29
362,40.34,36300,944.4,33.59,31,0.00008,3.89,68.34
363,40.65,36300,944.4,33.59,31,0.00008,3.89,67.67
364,41.08,36300,944.4,33.59,31,0.00008,3.89,66.65
365,41.64,36300,944.4,33.59,31,0.00008,3.89,66
366,42.32,36300,944.4,33.59,31,0.00008,3.89,65.2
367,43.12,36300,944.4,33.59,31,0.00008,3.89,64.76
368,44.05,36300,944.4,33.59,31,0.00008,3.89,64.35
369,45.1,36300,944.4,33.59,31,0.00008,3.89,63.5
370,46.27,36300,944.4,33.59,31,0.00008,3.89,62.61
371,47.57,36300,944.4,33.59,31,0.00008,3.89,62.36
372,48.98,36300,944.4,33.59,31,0.00008,3.89,58.59
373,50.52,36300,944.4,33.59,31,0.00008,3.89,58.39
374,52.17,36300,944.4,33.59,31,0.00008,3.89,57.13
375,53.95,36300,944.4,33.59,31,0.00008,3.89,56.1
376,55.84,36300,944.4,33.59,31,0.00008,3.89,51.55
377,57.85,36300,944.4,33.59,31,0.00008,3.89,49.83
378,59.97,36300,944.4,33.59,31,0.00008,3.89,49.29
379,62.21,36300,944.4,33.59,31,0.00008,3.89,48.62
380,64.56,36300,944.4,33.59,31,0.00008,3.89,45.31
381,67.03,36300,944.4,33.59,31,0.00008,3.89,42.28
382,69.61,36300,944.4,33.59,31,0.00008,3.89,40.97
383,72.3,36300,944.4,33.59,31,0.00008,3.89,40.23
384,75.1,36300,944.4,33.59,31,0.00008,3.89,39.28
385,78.01,36300,944.4,33.59,31,0.00008,3.89,37.13
386,81.02,36300,944.4,33.59,31,0.00008,3.89,34.43
387,84.14,36300,944.4,33.59,31,0.00008,3.89,33.05
388,87.36,36300,944.4,33.59,31,0.00008,3.89,32.51
389,90.69,36300,944.4,33.59,31,0.00008,3.89,31.74
390,94.12,36300,944.4,33.59,31,0.00008,3.89,30.32
391,97.64,36300,944.4,33.59,31,0.00008,3.89,28.5
392,101.27,36300,944.4,33.59,31,0.00008,3.89,26.95
393,104.99,36300,944.4,33.59,31,0.00008,3.89,25.81
394,108.8,36300,944.4,33.59,31,0.00008,3.89,25.17
395,112.71,36300,944.4,33.59,31,0.00008,3.89,24.53
396,116.71,36300,944.4,33.59,31,0.00008,3.89,23.38
397,120.8,36300,944.4,33.59,31,0.00008,3.89,22.14
398,124.97,36300,944.4,33.59,31,0.00008,3.89,21.06
399,129.24,36300,944.4,33.59,31,0.00008,3.89,20.35
400,133.58,36300,944.4,33.59,31,0.00008,3.89,19.81
401,138.01,36300,944.4,33.59,31,0.00008,3.89,19.27
402,142.51,36300,944.4,33.59,31,0.00008,3.89,18.46
403,147.1,36300,944.4,33.59,31,0.00008,3.89,17.65
404,151.76,36300,944.4,33.59,31,0.00008,3.89,16.74
405,156.49,36300,944.4,33.59,31,0.00008,3.89,16.21
406,161.3,36300,944.4,33.59,31,0.00008,3.89,15.73
407,166.17,36300,944.4,33.59,31,0.00008,3.89,15.33
408,171.12,36300,944.4,33.59,31,0.00008,3.89,14.86
409,176.12,36300,944.4,33.59,31,0.00008,3.89,14.29
410,181.19,36300,944.4,33.59,31,0.00008,3.89,13.61
411,186.33,36300,944.4,33.59,31,0.00008,3.89,13.07
412,191.52,36300,944.4,33.59,31,0.00008,3.89,12.7
413,196.76,36300,944.4,33.59,31,0.00008,3.89,12.47
414,202.07,36300,944.4,33.59,31,0.00008,3.89,12.13
415,207.42,36300,944.4,33.59,31,0.00008,3.89,11.72
416,212.82,36300,944.4,33.59,31,0.00008,3.89,11.32
417,218.28,36300,944.4,33.59,31,0.00008,3.89,10.88
418,223.77,36300,944.4,33.59,31,0.00008,3.89,10.58
419,229.31,36300,944.4,33.59,31,0.00008,3.89,10.28
420,234.89,36300,944.4,33.59,31,0.00008,3.89,10.11
421,240.51,36300,944.4,33.59,31,0.00008,3.89,9.84
422,246.17,36300,944.4,33.59,31,0.00008,3.89,9.57
423,251.86,36300,944.4,33.59,31,0.00008,3.89,9.27
424,257.58,36300,944.4,33.59,31,0.00008,3.89,8.96
425,263.33,36300,944.4,33.59,31,0.00008,3.89,8.69
426,269.11,36300,944.4,33.59,31,0.00008,3.89,8.46
427,274.91,36300,944.4,33.59,31,0.00008,3.89,8.32
428,280.74,36300,944.4,33.59,31,0.00008,3.89,8.12
429,286.59,36300,944.4,33.59,31,0.00008,3.89,7.98
430,292.45,36300,944.4,33.59,31,0.00008,3.89,7.75
431,298.33,36300,944.4,33.59,31,0.00008,3.89,7.45
432,304.23,36300,944.4,33.59,31,0.00008,3.89,7.34
433,310.13,36300,944.4,33.59,31,0.00008,3.89,7.14
434,316.05,36300,944.4,33.59,31,0.00008,3.89,7.04
435,321.97,36300,944.4,33.59,31,0.00008,3.89,6.91
436,327.9,36300,944.4,33.59,31,0.00008,3.89,6.81
437,333.83,36300,944.4,33.59,31,0.00008,3.89,6.57
438,339.77,36300,944.4,33.59,31,0.00008,3.89,6.47
439,345.7,36300,944.4,33.59,31,0.00008,3.89,6.27
440,351.62,36300,944.4,33.59,31,0.00008,3.89,6.13
441,357.55,36300,944.4,33.59,31,0.00008,3.89,6
442,363.46,36300,944.4,33.59,31,0.00008,3.89,5.93
443,369.37,36300,944.4,33.59,31,0.00008,3.89,5.83
444,375.26,36300,944.4,33.59,31,0.00008,3.89,5.79
445,381.14,36300,944.4,33.59,31,0.00008,3.89,5.59
446,387.01,36300,944.4,33.59,31,0.00008,3.89,5.49
447,392.86,36300,944.4,33.59,31,0.00008,3.89,5.42
448,398.69,36300,944.4,33.59,31,0.00008,3.89,5.32
449,404.5,36300,944.4,33.59,31,0.00008,3.89,5.19
450,410.29,36300,944.4,33.59,31,0.00008,3.89,5.12
451,416.05,36300,944.4,33.59,31,0.00008,3.89,5.05
452,421.79,36300,944.4,33.59,31,0.00008,3.89,4.92
453,427.49,36300,944.4,33.59,31,0.00008,3.89,4.89
454,433.17,36300,944.4,33.59,31,0.00008,3.89,4.85
455,438.82,36300,944.4,33.59,31,0.00008,3.89,4.75
456,444.44,36300,944.4,33.59,31,0.00008,3.89,4.72
457,450.02,36300,944.4,33.59,31,0.00008,3.89,4.62
458,455.56,36300,944.4,33.59,31,0.00008,3.89,4.58
459,461.07,36300,944.4,33.59,31,0.00008,3.89,4.48
460,466.54,36300,944.4,33.59,31,0.00008,3.89,4.48
461,471.97,36300,944.4,33.59,31,0.00008,3.89,4.41
462,477.35,36300,944.4,33.59,31,0.00008,3.89,4.31
463,482.7,36300,944.4,33.59,31,0.00008,3.89,4.25
464,488,36300,944.4,33.59,31,0.00008,3.89,4.18
465,493.25,36300,944.4,33.59,31,0.00008,3.89,4.18
466,498.46,36300,944.4,33.59,31,0.00008,3.89,4.08
467,503.61,36300,944.4,33.59,31,0.00008,3.89,4.08
468,508.72,36300,944.4,33.59,31,0.00008,3.89,4.01
469,513.78,36300,944.4,33.59,31,0.00008,3.89,3.94
470,518.79,36300,944.4,33.59,31,0.00008,3.89,3.94
471,523.74,36300,944.4,33.59,31,0.00008,3.89,3.91
472,528.64,36300,944.4,33.59,31,0.00008,3.89,3.84
473,533.48,36300,944.4,33.59,31,0.00008,3.89,3.77
474,538.27,36300,944.4,33.59,31,0.00008,3.89,3.74
475,543,36300,944.4,33.59,31,0.00008,3.89,3.71
476,547.67,36300,944.4,33.59,31,0.00008,3.89,3.64
477,552.29,36300,944.4,33.59,31,0.00008,3.89,3.64
478,556.84,36300,944.4,33.59,31,0.00008,3.89,3.6
479,561.33,36300,944.4,33.59,31,0.00008,3.89,3.6
480,565.76,36300,944.4,33.59,31,0.00008,3.89,3.57
481,570.13,36300,944.4,33.59,31,0.00008,3.89,3.47
482,574.44,36300,944.4,33.59,31,0.00008,3.89,3.47
483,578.68,36300,944.4,33.59,31,0.00008,3.89,3.44
484,582.86,36300,944.4,33.59,31,0.00008,3.89,3.4
485,586.97,36300,944.4,33.59,31,0.00008,3.89,3.47
486,591.02,36300,944.4,33.59,31,0.00008,3.89,3.37
487,595,36300,944.4,33.59,31,0.00008,3.89,3.37
488,598.91,36300,944.4,33.59,31,0.00008,3.89,3.34
489,602.76,36300,944.4,33.59,31,0.00008,3.89,3.34
490,606.54,36300,944.4,33.59,31,0.00008,3.89,3.27
491,610.25,36300,944.4,33.59,31,0.00008,3.89,3.3
492,613.89,36300,944.4,33.59,31,0.00008,3.89,3.23
493,617.46,36300,944.4,33.59,31,0.00008,3.89,3.23
494,620.96,36300,944.4,33.59,31,0.00008,3.89,3.2
495,624.39,36300,944.4,33.59,31,0.00008,3.89,3.17
496,627.75,36300,944.4,33.59,31,0.00008,3.89,3.13
497,631.03,36300,944.4,33.59,31,0.00008,3.89,3.17
498,634.25,36300,944.4,33.59,31,0.00008,3.89,3.1
499,637.39,36300,944.4,33.59,31,0.00008,3.89,3.1
500,640.46,36300,944.4,33.59,31,0.00008,3.89,3.07
501,643.46,36300,944.4,33.59,31,0.00008,3.89,3.1
502,646.39,36300,944.4,33.59,31,0.00008,3.89,3.07
503,649.24,36300,944.4,33.59,31,0.00008,3.89,3.07
504,652.02,36300,944.4,33.59,31,0.00008,3.89,3.03
505,654.72,36300,944.4,33.59,31,0.00008,3.89,3
506,657.35,36300,944.4,33.59,31,0.00008,3.89,3.03
507,659.91,36300,944.4,33.59,31,0.00008,3.89,2.96
508,662.39,36300,944.4,33.59,31,0.00008,3.89,2.96
509,664.79,36300,944.4,33.59,31,0.00008,3.89,2.96
510,667.13,36300,944.4,33.59,31,0.00008,3.89,2.96
511,669.38,36300,944.4,33.59,31,0.00008,3.89,2.93
512,671.56,36300,944.4,33.59,31,0.00008,3.89,2.93
513,673.67,36300,944.4,33.59,31,0.00008,3.89,2.93
514,675.7,36300,944.4,33.59,31,0.00008,3.89,2.9
515,677.65,36300,944.4,33.59,31,0.00008,3.89,2.86
516,679.53,36300,944.4,33.59,31,0.00008,3.89,2.93
517,681.33,36300,944.4,33.59,31,0.00008,3.89,2.86
518,683.06,36300,944.4,33.59,31,0.00008,3.89,2.9
519,684.71,36300,944.4,33.59,31,0.00008,3.89,2.83
520,686.28,36300,944.4,33.59,31,0.00008,3.89,2.86
521,687.78,36300,944.4,33.59,31,0.00008,3.89,2.86
522,689.2,36300,944.4,33.59,31,0.00008,3.89,2.86
523,690.54,36300,944.4,33.59,31,0.00008,3.89,2.86
524,691.81,36300,944.4,33.59,31,0.00008,3.89,2.8
525,693,36300,944.4,33.59,31,0.00008,3.89,2.76
526,694.11,36300,944.4,33.59,31,0.00008,3.89,2.73
527,695.15,36300,944.4,33.59,31,0.00008,3.89,2.76
528,696.11,36300,944.4,33.59,31,0.00008,3.89,2.7
529,697,36300,944.4,33.59,31,0.00008,3.89,2.66
530,697.8,36300,944.4,33.59,31,0.00008,3.89,2.66
531,698.53,36300,944.4,33.59,31,0.00008,3.89,2.63
532,699.18,36300,944.4,33.59,31,0.00008,3.89,2.56
533,699.76,36300,944.4,33.59,31,0.00008,3.89,2.56
534,700.26,36300,944.4,33.59,31,0.00008,3.89,2.56
535,700.68,36300,944.4,33.59,31,0.00008,3.89,2.53
536,701.02,36300,944.4,33.59,31,0.00008,3.89,2.53
537,701.29,36300,944.4,33.59,31,0.00008,3.89,2.49
538,701.48,36300,944.4,33.59,31,0.00008,3.89,2.43
539,701.6,36300,944.4,33.59,31,0.00008,3.89,2.43
540,701.63,36300,944.4,33.59,31,0.00008,3.89,2.39
541,701.59,36300,944.4,33.59,31,0.00008,3.89,2.39
542,701.47,36300,944.4,33.59,31,0.00008,3.89,2.36
543,701.28,36300,944.4,33.59,31,0.00008,3.89,2.29
544,701.01,36300,944.4,33.59,31,0.00008,3.89,2.29
545,700.66,36300,944.4,33.59,31,0.00008,3.89,2.26
546,700.23,36300,944.4,33.59,31,0.00008,3.89,2.26
547,699.73,36300,944.4,33.59,31,0.00008,3.89,2.22
548,699.15,36300,944.4,33.59,31,0.00008,3.89,2.19
549,698.49,36300,944.4,33.59,31,0.00008,3.89,2.19
550,697.76,36300,944.4,33.59,31,0.00008,3.89,2.19
551,696.94,36300,944.4,33.59,31,0.00008,3.89,2.16
552,696.06,36300,944.4,33.59,31,0.00008,3.89,2.09
553,695.09,36300,944.4,33.59,31,0.00008,3.89,2.06
554,694.05,36300,944.4,33.59,31,0.00008,3.89,2.12
555,692.93,36300,944.4,33.59,31,0.00008,3.89,2.06
556,691.74,36300,944.4,33.59,31,0.00008,3.89,2.02
557,690.47,36300,944.4,33.59,31,0.00008,3.89,1.99
558,689.12,36300,944.4,33.59,31,0.00008,3.89,1.99
559,687.69,36300,944.4,33.59,31,0.00008,3.89,1.95
560,686.19,36300,944.4,33.59,31,0.00008,3.89,1.89
561,684.62,36300,944.4,33.59,31,0.00008,3.89,1.89
562,682.96,36300,944.4,33.59,31,0.00008,3.89,1.89
563,681.23,36300,944.4,33.59,31,0.00008,3.89,1.85
564,679.43,36300,944.4,33.59,31,0.00008,3.89,1.85
565,677.55,36300,944.4,33.59,31,0.00008,3.89,1.85
566,675.59,36300,944.4,33.59,31,0.00008,3.89,1.82
567,673.56,36300,944.4,33.59,31,0.00008,3.89,1.75
568,671.45,36300,944.4,33.59,31,0.00008,3.89,1.82
569,669.26,36300,944.4,33.59,31,0.00008,3.89,1.75
570,667.01,36300,944.4,33.59,31,0.00008,3.89,1.79
571,664.67,36300,944.4,33.59,31,0.00008,3.89,1.79
572,662.26,36300,944.4,33.59,31,0.00008,3.89,1.79
573,659.78,36300,944.4,33.59,31,0.00008,3.89,1.75
574,657.22,36300,944.4,33.59,31,0.00008,3.89,1.72
575,654.59,36300,944.4,33.59,31,0.00008,3.89,1.68
576,651.88,36300,944.4,33.59,31,0.00008,3.89,1.68
577,649.1,36300,944.4,33.59,31,0.00008,3.89,1.65
578,646.25,36300,944.4,33.59,31,0.00008,3.89,1.68
579,643.33,36300,944.4,33.59,31,0.00008,3.89,1.65
580,640.33,36300,944.4,33.59,31,0.00008,3.89,1.68
581,637.25,36300,944.4,33.59,31,0.00008,3.89,1.62
582,634.11,36300,944.4,33.59,31,0.00008,3.89,1.62
583,630.89,36300,944.4,33.59,31,0.00008,3.89,1.62
584,627.61,36300,944.4,33.59,31,0.00008,3.89,1.62
585,624.25,36300,944.4,33.59,31,0.00008,3.89,1.62
586,620.82,36300,944.4,33.59,31,0.00008,3.89,1.62
587,617.32,36300,944.4,33.59,31,0.00008,3.89,1.62
588,613.75,36300,944.4,33.59,31,0.00008,3.89,1.62
589,610.11,36300,944.4,33.59,31,0.00008,3.89,1.62
590,606.4,36300,944.4,33.59,31,0.00008,3.89,1.65
591,602.62,36300,944.4,33.59,31,0.00008,3.89,1.65
592,598.78,36300,944.4,33.59,31,0.00008,3.89,1.65
593,594.87,36300,944.4,33.59,31,0.00008,3.89,1.65
594,590.89,36300,944.4,33.59,31,0.00008,3.89,1.65
595,586.84,36300,944.4,33.59,31,0.00008,3.89,1.68
596,582.73,36300,944.4,33.59,31,0.00008,3.89,1.65
597,578.55,36300,944.4,33.59,31,0.00008,3.89,1.72
598,574.31,36300,944.4,33.59,31,0.00008,3.89,1.68
599,570.01,36300,944.4,33.59,31,0.00008,3.89,1.65
600,565.64,36300,944.4,33.59,31,0.00008,3.89,1.72
601,561.21,36300,944.4,33.59,31,0.00008,3.89,1.72
602,556.72,36300,944.4,33.59,31,0.00008,3.89,1.72
603,552.17,36300,944.4,33.59,31,0.00008,3.89,1.72
604,547.56,36300,944.4,33.59,31,0.00008,3.89,1.79
605,542.89,36300,944.4,33.59,31,0.00008,3.89,1.79
606,538.16,36300,944.4,33.59,31,0.00008,3.89,1.79
607,533.38,36300,944.4,33.59,31,0.00008,3.89,1.82
608,528.54,36300,944.4,33.59,31,0.00008,3.89,1.75
609,523.64,36300,944.4,33.59,31,0.00008,3.89,1.79
610,518.7,36300,944.4,33.59,31,0.00008,3.89,1.85
611,513.69,36300,944.4,33.59,31,0.00008,3.89,1.82
612,508.64,36300,944.4,33.59,31,0.00008,3.89,1.82
613,503.54,36300,944.4,33.59,31,0.00008,3.89,1.82
614,498.38,36300,944.4,33.59,31,0.00008,3.89,1.82
615,493.18,36300,944.4,33.59,31,0.00008,3.89,1.85
616,487.93,36300,944.4,33.59,31,0.00008,3.89,1.89
617,482.64,36300,944.4,33.59,31,0.00008,3.89,1.92
618,477.3,36300,944.4,33.59,31,0.00008,3.89,1.95
619,471.92,36300,944.4,33.59,31,0.00008,3.89,1.92
620,466.49,36300,944.4,33.59,31,0.00008,3.89,1.99
621,461.03,36300,944.4,33.59,31,0.00008,3.89,1.99
622,455.52,36300,944.4,33.59,31,0.00008,3.89,1.99
623,449.98,36300,944.4,33.59,31,0.00008,3.89,2.02
624,444.41,36300,944.4,33.59,31,0.00008,3.89,1.99
625,438.8,36300,944.4,33.59,31,0.00008,3.89,2.02
626,433.15,36300,944.4,33.59,31,0.00008,3.89,2.06
627,427.48,36300,944.4,33.59,31,0.00008,3.89,2.09
628,421.78,36300,944.4,33.59,31,0.00008,3.89,2.02
629,416.04,36300,944.4,33.59,31,0.00008,3.89,2.06
630,410.29,36300,944.4,33.59,31,0.00008,3.89,2.12
631,404.51,36300,944.4,33.59,31,0.00008,3.89,2.09
632,398.7,36300,944.4,33.59,31,0.00008,3.89,2.06
633,392.88,36300,944.4,33.59,31,0.00008,3.89,2.12
634,387.03,36300,944.4,33.59,31,0.00008,3.89,2.12
635,381.17,36300,944.4,33.59,31,0.00008,3.89,2.09
636,375.29,36300,944.4,33.59,31,0.00008,3.89,2.09
637,369.4,36300,944.4,33.59,31,0.00008,3.89,2.09
638,363.5,36300,944.4,33.59,31,0.00008,3.89,2.09
639,357.59,36300,944.4,33.59,31,0.00008,3.89,2.09
640,351.67,36300,944.4,33.59,31,0.00008,3.89,2.06
641,345.75,36300,944.4,33.59,31,0.00008,3.89,2.12
642,339.82,36300,944.4,33.59,31,0.00008,3.89,2.09
643,333.9,36300,944.4,33.59,31,0.00008,3.89,2.09
644,327.97,36300,944.4,33.59,31,0.00008,3.89,2.06
645,322.04,36300,944.4,33.59,31,0.00008,3.89,2.12
646,316.12,36300,944.4,33.59,31,0.00008,3.89,2.09
647,310.21,36300,944.4,33.59,31,0.00008,3.89,2.06
648,304.31,36300,944.4,33.59,31,0.00008,3.89,2.12
649,298.42,36300,944.4,33.59,31,0.00008,3.89,2.09
650,292.54,36300,944.4,33.59,31,0.00008,3.89,2.02
651,286.68,36300,944.4,33.59,31,0.00008,3.89,2.06
652,280.84,36300,944.4,33.59,31,0.00008,3.89,2.06
653,275.01,36300,944.4,33.59,31,0.00008,3.89,2.06
654,269.21,36300,944.4,33.59,31,0.00008,3.89,2.06
655,263.44,36300,944.4,33.59,31,0.00008,3.89,2.06
656,257.69,36300,944.4,33.59,31,0.00008,3.89,2.02
657,251.97,36300,944.4,33.59,31,0.00008,3.89,1.99
658,246.29,36300,944.4,33.59,31,0.00008,3.89,1.99
659,240.63,36300,944.4,33.59,31,0.00008,3.89,1.95
660,235.02,36300,944.4,33.59,31,0.00008,3.89,1.95
661,229.44,36300,944.4,33.59,31,0.00008,3.89,1.89
662,223.9,36300,944.4,33.59,31,0.00008,3.89,1.92
663,218.4,36300,944.4,33.59,31,0.00008,3.89,1.92
664,212.95,36300,944.4,33.59,31,0.00008,3.89,1.92
665,207.55,36300,944.4,33.59,31,0.00008,3.89,1.92
666,202.2,36300,944.4,33.59,31,0.00008,3.89,1.89
667,196.9,36300,944.4,33.59,31,0.00008,3.89,1.85
668,191.65,36300,944.4,33.59,31,0.00008,3.89,1.85
669,186.46,36300,944.4,33.59,31,0.00008,3.89,1.85
670,181.33,36300,944.4,33.59,31,0.00008,3.89,1.82
671,176.26,36300,944.4,33.59,31,0.00008,3.89,1.79
672,171.26,36300,944.4,33.59,31,0.00008,3.89,1.85
673,166.31,36300,944.4,33.59,31,0.00008,3.89,1.82
674,161.44,36300,944.4,33.59,31,0.00008,3.89,1.79
675,156.63,36300,944.4,33.59,31,0.00008,3.89,1.85
676,151.9,36300,944.4,33.59,31,0.00008,3.89,1.79
677,147.24,36300,944.4,33.59,31,0.00008,3.89,1.85
678,142.65,36300,944.4,33.59,31,0.00008,3.89,1.79
679,138.15,36300,944.4,33.59,31,0.00008,3.89,1.85
680,133.72,36300,944.4,33.59,31,0.00008,3.89,1.79
681,129.37,36300,944.4,33.59,31,0.00008,3.89,1.85
682,125.11,36300,944.4,33.59,31,0.00008,3.89,1.79
683,120.93,36300,944.4,33.59,31,0.00008,3.89,1.89
684,116.84,36300,944.4,33.59,31,0.00008,3.89,1.79
685,112.84,36300,944.4,33.59,31,0.00008,3.89,1.85
686,108.93,36300,944.4,33.59,31,0.00008,3.89,1.82
687,105.12,36300,944.4,33.59,31,0.00008,3.89,1.82
688,101.39,36300,944.4,33.59,31,0.00008,3.89,1.82
689,97.77,36300,944.4,33.59,31,0.00008,3.89,1.85
690,94.24,36300,944.4,33.59,31,0.00008,3.89,1.85
691,90.81,36300,944.4,33.59,31,0.00008,3.89,1.89
692,87.48,36300,944.4,33.59,31,0.00008,3.89,1.85
693,84.25,36300,944.4,33.59,31,0.00008,3.89,1.92
694,81.13,36300,944.4,33.59,31,0.00008,3.89,1.92
695,78.11,36300,944.4,33.59,31,0.00008,3.89,1.95
696,75.2,36300,944.4,33.59,31,0.00008,3.89,1.92
697,72.4,36300,944.4,33.59,31,0.00008,3.89,1.99
698,69.71,36300,944.4,33.59,31,0.00008,3.89,1.99
699,67.12,36300,944.4,33.59,31,0.00008,3.89,2.02
700,64.65,36300,944.4,33.59,31,0.00008,3.89,1.99
701,62.3,36300,944.4,33.59,31,0.00008,3.89,2.02
702,60.05,36300,944.4,33.59,31,0.00008,3.89,2.02
703,57.92,36300,944.4,33.59,31,0.00008,3.89,2.02
704,55.91,36300,944.4,33.59,31,0.00008,3.89,2.06
705,54.02,36300,944.4,33.59,31,0.00008,3.89,2.09
706,52.24,36300,944.4,33.59,31,0.00008,3.89,2.06
707,50.58,36300,944.4,33.59,31,0.00008,3.89,2.12
708,49.04,36300,944.4,33.59,31,0.00008,3.89,2.12
709,47.62,36300,944.4,33.59,31,0.00008,3.89,2.16
710,46.32,36300,944.4,33.59,31,0.00008,3.89,2.19
711,45.15,36300,944.4,33.59,31,0.00008,3.89,2.26
712,44.09,36300,944.4,33.59,31,0.00008,3.89,2.26
713,43.16,36300,944.4,33.59,31,0.00008,3.89,2.29
714,42.35,36300,944.4,33.59,31,0.00008,3.89,2.29
715,41.66,36300,944.4,33.59,31,0.00008,3.89,2.32
716,41.1,36300,944.4,33.59,31,0.00008,3.89,2.39
717,40.66,36300,944.4,33.59,31,0.00008,3.89,2.39
718,40.35,36300,944.4,33.59,31,0.00008,3.89,2.43
719,40.16,36300,944.4,33.59,31,0.00008,3.89,2.46
720,40.09,36300,944.4,33.59,31,0.00008,3.89,2.46
1,40.16,36300,944.4,33.59,31,0.00024,7.19,2.36
2,40.34,36300,944.4,33.59,31,0.00024,7.19,2.32
3,40.65,36300,944.4,33.59,31,0.00024,7.19,2.39
4,41.09,36300,944.4,33.59,31,0.00024,7.19,2.29
5,41.65,36300,944.4,33.59,31,0.00024,7.19,2.26
6,42.33,36300,944.4,33.59,31,0.00024,7.19,2.22
7,43.14,36300,944.4,33.59,31,0.00024,7.19,2.16
8,44.07,36300,944.4,33.59,31,0.00024,7.19,2.09
9,45.12,36300,944.4,33.59,31,0.00024,7.19,2.02
10,46.29,36300,944.4,33.59,31,0.00024,7.19,1.95
11,47.59,36300,944.4,33.59,31,0.00024,7.19,1.89
12,49,36300,944.4,33.59,31,0.00024,7.19,1.82
13,50.54,36300,944.4,33.59,31,0.00024,7.19,1.75
14,52.19,36300,944.4,33.59,31,0.00024,7.19,1.75
15,53.97,36300,944.4,33.59,31,0.00024,7.19,1.75
16,55.86,36300,944.4,33.59,31,0.00024,7.19,1.75
17,57.87,36300,944.4,33.59,31,0.00024,7.19,1.79
18,60,36300,944.4,33.59,31,0.00024,7.19,1.82
19,62.24,36300,944.4,33.59,31,0.00024,7.19,1.72
20,64.59,36300,944.4,33.59,31,0.00024,7.19,1.75
21,67.06,36300,944.4,33.59,31,0.00024,7.19,1.72
22,69.64,36300,944.4,33.59,31,0.00024,7.19,1.72
23,72.33,36300,944.4,33.59,31,0.00024,7.19,1.75
24,75.13,36300,944.4,33.59,31,0.00024,7.19,1.75
25,78.04,36300,944.4,33.59,31,0.00024,7.19,1.79
26,81.06,36300,944.4,33.59,31,0.00024,7.19,1.82
27,84.18,36300,944.4,33.59,31,0.00024,7.19,1.68
28,87.4,36300,944.4,33.59,31,0.00024,7.19,1.72
29,90.73,36300,944.4,33.59,31,0.00024,7.19,1.75
30,94.16,36300,944.4,33.59,31,0.00024,7.19,1.79
31,97.68,36300,944.4,33.59,31,0.00024,7.19,1.82
32,101.31,36300,944.4,33.59,31,0.00024,7.19,1.75
33,105.03,36300,944.4,33.59,31,0.00024,7.19,1.79
34,108.85,36300,944.4,33.59,31,0.00024,7.19,1.82
35,112.76,36300,944.4,33.59,31,0.00024,7.19,1.75
36,116.75,36300,944.4,33.59,31,0.00024,7.19,1.79
37,120.84,36300,944.4,33.59,31,0.00024,7.19,1.82
38,125.02,36300,944.4,33.59,31,0.00024,7.19,1.75
39,129.28,36300,944.4,33.59,31,0.00024,7.19,1.79
40,133.63,36300,944.4,33.59,31,0.00024,7.19,1.82
41,138.05,36300,944.4,33.59,31,0.00024,7.19,1.75
42,142.56,36300,944.4,33.59,31,0.00024,7.19,1.79
43,147.15,36300,944.4,33.59,31,0.00024,7.19,1.82
44,151.81,36300,944.4,33.59,31,0.00024,7.19,1.75
45,156.54,36300,944.4,33.59,31,0.00024,7.19,1.79
46,161.35,36300,944.4,33.59,31,0.00024,7.19,1.85
47,166.22,36300,944.4,33.59,31,0.00024,7.19,1.79
48,171.16,36300,944.4,33.59,31,0.00024,7.19,1.85
49,176.17,36300,944.4,33.59,31,0.00024,7.19,1.75
50,181.24,36300,944.4,33.59,31,0.00024,7.19,1.79
51,186.37,36300,944.4,33.59,31,0.00024,7.19,1.85
52,191.56,36300,944.4,33.59,31,0.00024,7.19,1.79
53,196.81,36300,944.4,33.59,31,0.00024,7.19,1.82
54,202.11,36300,944.4,33.59,31,0.00024,7.19,1.72
55,207.46,36300,944.4,33.59,31,0.00024,7.19,1.79
56,212.87,36300,944.4,33.59,31,0.00024,7.19,1.82
57,218.32,36300,944.4,33.59,31,0.00024,7.19,1.72
58,223.81,36300,944.4,33.59,31,0.00024,7.19,1.79
59,229.35,36300,944.4,33.59,31,0.00024,7.19,1.82
60,234.93,36300,944.4,33.59,31,0.00024,7.19,1.72
61,240.55,36300,944.4,33.59,31,0.00024,7.19,1.82
62,246.21,36300,944.4,33.59,31,0.00024,7.19,1.72
63,251.9,36300,944.4,33.59,31,0.00024,7.19,1.79
64,257.62,36300,944.4,33.59,31,0.00024,7.19,1.82
65,263.37,36300,944.4,33.59,31,0.00024,7.19,1.72
66,269.14,36300,944.4,33.59,31,0.00024,7.19,1.79
67,274.95,36300,944.4,33.59,31,0.00024,7.19,1.82
68,280.77,36300,944.4,33.59,31,0.00024,7.19,1.72
69,286.62,36300,944.4,33.59,31,0.00024,7.19,1.79
70,292.48,36300,944.4,33.59,31,0.00024,7.19,1.79
71,298.36,36300,944.4,33.59,31,0.00024,7.19,1.82
72,304.25,36300,944.4,33.59,31,0.00024,7.19,1.72
73,310.16,36300,944.4,33.59,31,0.00024,7.19,1.79
74,316.07,36300,944.4,33.59,31,0.00024,7.19,1.79
75,322,36300,944.4,33.59,31,0.00024,7.19,1.79
76,327.92,36300,944.4,33.59,31,0.00024,7.19,1.79
77,333.85,36300,944.4,33.59,31,0.00024,7.19,1.82
78,339.78,36300,944.4,33.59,31,0.00024,7.19,1.72
79,345.71,36300,944.4,33.59,31,0.00024,7.19,1.79
80,351.64,36300,944.4,33.59,31,0.00024,7.19,1.82
81,357.56,36300,944.4,33.59,31,0.00024,7.19,1.72
82,363.48,36300,944.4,33.59,31,0.00024,7.19,1.79
83,369.38,36300,944.4,33.59,31,0.00024,7.19,1.82
84,375.27,36300,944.4,33.59,31,0.00024,7.19,1.75
85,381.15,36300,944.4,33.59,31,0.00024,7.19,1.82
86,387.02,36300,944.4,33.59,31,0.00024,7.19,1.79
87,392.87,36300,944.4,33.59,31,0.00024,7.19,1.85
88,398.69,36300,944.4,33.59,31,0.00024,7.19,1.82
89,404.5,36300,944.4,33.59,31,0.00024,7.19,1.79
90,410.29,36300,944.4,33.59,31,0.00024,7.19,1.85
91,416.05,36300,944.4,33.59,31,0.00024,7.19,1.82
92,421.78,36300,944.4,33.59,31,0.00024,7.19,1.79
93,427.49,36300,944.4,33.59,31,0.00024,7.19,1.85
94,433.17,36300,944.4,33.59,31,0.00024,7.19,1.82
95,438.81,36300,944.4,33.59,31,0.00024,7.19,1.79
96,444.43,36300,944.4,33.59,31,0.00024,7.19,1.89
97,450.01,36300,944.4,33.59,31,0.00024,7.19,1.79
98,455.55,36300,944.4,33.59,31,0.00024,7.19,1.85
99,461.06,36300,944.4,33.59,31,0.00024,7.19,1.82
100,466.52,36300,944.4,33.59,31,0.00024,7.19,1.82
101,471.95,36300,944.4,33.59,31,0.00024,7.19,1.82
102,477.34,36300,944.4,33.59,31,0.00024,7.19,1.79
103,482.68,36300,944.4,33.59,31,0.00024,7.19,1.89
104,487.98,36300,944.4,33.59,31,0.00024,7.19,1.82
105,493.23,36300,944.4,33.59,31,0.00024,7.19,1.82
106,498.43,36300,944.4,33.59,31,0.00024,7.19,1.82
107,503.59,36300,944.4,33.59,31,0.00024,7.19,1.82
108,508.7,36300,944.4,33.59,31,0.00024,7.19,1.82
109,513.75,36300,944.4,33.59,31,0.00024,7.19,1.82
110,518.76,36300,944.4,33.59,31,0.00024,7.19,1.82
111,523.71,36300,944.4,33.59,31,0.00024,7.19,1.82
112,528.6,36300,944.4,33.59,31,0.00024,7.19,1.82
113,533.45,36300,944.4,33.59,31,0.00024,7.19,1.82
114,538.23,36300,944.4,33.59,31,0.00024,7.19,1.82
115,542.96,36300,944.4,33.59,31,0.00024,7.19,1.85
116,547.63,36300,944.4,33.59,31,0.00024,7.19,1.89
117,552.25,36300,944.4,33.59,31,0.00024,7.19,1.85
118,556.8,36300,944.4,33.59,31,0.00024,7.19,1.89
119,561.29,36300,944.4,33.59,31,0.00024,7.19,1.89
120,565.72,36300,944.4,33.59,31,0.00024,7.19,1.85
121,570.09,36300,944.4,33.59,31,0.00024,7.19,1.89
122,574.4,36300,944.4,33.59,31,0.00024,7.19,1.92
123,578.64,36300,944.4,33.59,31,0.00024,7.19,1.92
124,582.82,36300,944.4,33.59,31,0.00024,7.19,1.92
125,586.93,36300,944.4,33.59,31,0.00024,7.19,1.92
126,590.98,36300,944.4,33.59,31,0.00024,7.19,1.92
127,594.96,36300,944.4,33.59,31,0.00024,7.19,1.92
128,598.87,36300,944.4,33.59,31,0.00024,7.19,1.95
129,602.72,36300,944.4,33.59,31,0.00024,7.19,1.92
130,606.49,36300,944.4,33.59,31,0.00024,7.19,1.92
131,610.2,36300,944.4,33.59,31,0.00024,7.19,1.95
132,613.84,36300,944.4,33.59,31,0.00024,7.19,1.89
133,617.41,36300,944.4,33.59,31,0.00024,7.19,1.92
134,620.91,36300,944.4,33.59,31,0.00024,7.19,1.95
135,624.34,36300,944.4,33.59,31,0.00024,7.19,1.89
136,627.7,36300,944.4,33.59,31,0.00024,7.19,1.92
137,630.99,36300,944.4,33.59,31,0.00024,7.19,1.95
138,634.2,36300,944.4,33.59,31,0.00024,7.19,1.92
139,637.35,36300,944.4,33.59,31,0.00024,7.19,1.95
140,640.42,36300,944.4,33.59,31,0.00024,7.19,1.95
141,643.42,36300,944.4,33.59,31,0.00024,7.19,1.92
142,646.34,36300,944.4,33.59,31,0.00024,7.19,1.95
143,649.19,36300,944.4,33.59,31,0.00024,7.19,1.92
144,651.97,36300,944.4,33.59,31,0.00024,7.19,1.99
145,654.68,36300,944.4,33.59,31,0.00024,7.19,1.95
146,657.31,36300,944.4,33.59,31,0.00024,7.19,1.92
147,659.86,36300,944.4,33.59,31,0.00024,7.19,1.99
148,662.35,36300,944.4,33.59,31,0.00024,7.19,1.95
149,664.75,36300,944.4,33.59,31,0.00024,7.19,1.92
150,667.09,36300,944.4,33.59,31,0.00024,7.19,1.99
151,669.34,36300,944.4,33.59,31,0.00024,7.19,1.99
152,671.52,36300,944.4,33.59,31,0.00024,7.19,1.99
153,673.63,36300,944.4,33.59,31,0.00024,7.19,1.99
154,675.66,36300,944.4,33.59,31,0.00024,7.19,1.99
155,677.62,36300,944.4,33.59,31,0.00024,7.19,1.99
156,679.5,36300,944.4,33.59,31,0.00024,7.19,1.99
157,681.3,36300,944.4,33.59,31,0.00024,7.19,1.99
158,683.03,36300,944.4,33.59,31,0.00024,7.19,1.99
159,684.68,36300,944.4,33.59,31,0.00024,7.19,1.99
160,686.25,36300,944.4,33.59,31,0.00024,7.19,1.99
161,687.75,36300,944.4,33.59,31,0.00024,7.19,1.99
162,689.17,36300,944.4,33.59,31,0.00024,7.19,1.99
163,690.52,36300,944.4,33.59,31,0.00024,7.19,1.99
164,691.79,36300,944.4,33.59,31,0.00024,7.19,1.99
165,692.98,36300,944.4,33.59,31,0.00024,7.19,1.99
166,694.09,36300,944.4,33.59,31,0.00024,7.19,1.99
167,695.13,36300,944.4,33.59,31,0.00024,7.19,1.99
168,696.09,36300,944.4,33.59,31,0.00024,7.19,1.99
169,696.98,36300,944.4,33.59,31,0.00024,7.19,1.99
170,697.79,36300,944.4,33.59,31,0.00024,7.19,1.99
171,698.52,36300,944.4,33.59,31,0.00024,7.19,2.02
172,699.17,36300,944.4,33.59,31,0.00024,7.19,1.99
173,699.75,36300,944.4,33.59,31,0.00024,7.19,1.99
174,700.25,36300,944.4,33.59,31,0.00024,7.19,1.99
175,700.67,36300,944.4,33.59,31,0.00024,7.19,2.02
176,701.02,36300,944.4,33.59,31,0.00024,7.19,2.02
177,701.29,36300,944.4,33.59,31,0.00024,7.19,1.99
178,701.48,36300,944.4,33.59,31,0.00024,7.19,2.02
179,701.59,36300,944.4,33.59,31,0.00024,7.19,2.02
180,701.63,36300,944.4,33.59,31,0.00024,7.19,1.99
181,701.59,36300,944.4,33.59,31,0.00024,7.19,2.02
182,701.48,36300,944.4,33.59,31,0.00024,7.19,1.99
183,701.28,36300,944.4,33.59,31,0.00024,7.19,2.02
184,701.01,36300,944.4,33.59,31,0.00024,7.19,1.99
185,700.66,36300,944.4,33.59,31,0.00024,7.19,2.02
186,700.24,36300,944.4,33.59,31,0.00024,7.19,2.02
187,699.74,36300,944.4,33.59,31,0.00024,7.19,2.02
188,699.16,36300,944.4,33.59,31,0.00024,7.19,2.02
189,698.5,36300,944.4,33.59,31,0.00024,7.19,2.02
190,697.77,36300,944.4,33.59,31,0.00024,7.19,2.02
191,696.96,36300,944.4,33.59,31,0.00024,7.19,2.02
192,696.07,36300,944.4,33.59,31,0.00024,7.19,2.02
193,695.11,36300,944.4,33.59,31,0.00024,7.19,2.02
194,694.07,36300,944.4,33.59,31,0.00024,7.19,1.99
195,692.95,36300,944.4,33.59,31,0.00024,7.19,2.06
196,691.76,36300,944.4,33.59,31,0.00024,7.19,2.06
197,690.49,36300,944.4,33.59,31,0.00024,7.19,2.06
198,689.14,36300,944.4,33.59,31,0.00024,7.19,2.06
199,687.72,36300,944.4,33.59,31,0.00024,7.19,2.06
200,686.22,36300,944.4,33.59,31,0.00024,7.19,2.06
201,684.65,36300,944.4,33.59,31,0.00024,7.19,2.06
202,682.99,36300,944.4,33.59,31,0.00024,7.19,2.09
203,681.27,36300,944.4,33.59,31,0.00024,7.19,1.99
204,679.46,36300,944.4,33.59,31,0.00024,7.19,2.06
205,677.58,36300,944.4,33.59,31,0.00024,7.19,2.09
206,675.63,36300,944.4,33.59,31,0.00024,7.19,2.02
207,673.59,36300,944.4,33.59,31,0.00024,7.19,2.06
208,671.49,36300,944.4,33.59,31,0.00024,7.19,2.12
209,669.3,36300,944.4,33.59,31,0.00024,7.19,2.09
210,667.05,36300,944.4,33.59,31,0.00024,7.19,2.06
211,664.71,36300,944.4,33.59,31,0.00024,7.19,2.12
212,662.3,36300,944.4,33.59,31,0.00024,7.19,2.09
213,659.82,36300,944.4,33.59,31,0.00024,7.19,2.09
214,657.27,36300,944.4,33.59,31,0.00024,7.19,2.09
215,654.63,36300,944.4,33.59,31,0.00024,7.19,2.09
216,651.93,36300,944.4,33.59,31,0.00024,7.19,2.09
217,649.15,36300,944.4,33.59,31,0.00024,7.19,2.12
218,646.3,36300,944.4,33.59,31,0.00024,7.19,2.16
219,643.37,36300,944.4,33.59,31,0.00024,7.19,2.16
220,640.37,36300,944.4,33.59,31,0.00024,7.19,2.16
221,637.3,36300,944.4,33.59,31,0.00024,7.19,2.16
222,634.16,36300,944.4,33.59,31,0.00024,7.19,2.16
223,630.94,36300,944.4,33.59,31,0.00024,7.19,2.16
224,627.65,36300,944.4,33.59,31,0.00024,7.19,2.19
225,624.29,36300,944.4,33.59,31,0.00024,7.19,2.22
226,620.87,36300,944.4,33.59,31,0.00024,7.19,2.19
227,617.36,36300,944.4,33.59,31,0.00024,7.19,2.26
228,613.79,36300,944.4,33.59,31,0.00024,7.19,2.22
229,610.16,36300,944.4,33.59,31,0.00024,7.19,2.22
230,606.45,36300,944.4,33.59,31,0.00024,7.19,2.26
231,602.67,36300,944.4,33.59,31,0.00024,7.19,2.29
232,598.82,36300,944.4,33.59,31,0.00024,7.19,2.26
233,594.91,36300,944.4,33.59,31,0.00024,7.19,2.29
234,590.93,36300,944.4,33.59,31,0.00024,7.19,2.29
235,586.89,36300,944.4,33.59,31,0.00024,7.19,2.32
236,582.77,36300,944.4,33.59,31,0.00024,7.19,2.36
237,578.6,36300,944.4,33.59,31,0.00024,7.19,2.32
238,574.36,36300,944.4,33.59,31,0.00024,7.19,2.39
239,570.05,36300,944.4,33.59,31,0.00024,7.19,2.32
240,565.68,36300,944.4,33.59,31,0.00024,7.19,2.43
241,561.25,36300,944.4,33.59,31,0.00024,7.19,2.36
242,556.76,36300,944.4,33.59,31,0.00024,7.19,2.36
243,552.21,36300,944.4,33.59,31,0.00024,7.19,2.39
244,547.6,36300,944.4,33.59,31,0.00024,7.19,2.43
245,542.93,36300,944.4,33.59,31,0.00024,7.19,2.43
246,538.2,36300,944.4,33.59,31,0.00024,7.19,2.46
247,533.41,36300,944.4,33.59,31,0.00024,7.19,2.53
248,528.57,36300,944.4,33.59,31,0.00024,7.19,2.53
249,523.68,36300,944.4,33.59,31,0.00024,7.19,2.53
250,518.73,36300,944.4,33.59,31,0.00024,7.19,2.56
251,513.72,36300,944.4,33.59,31,0.00024,7.19,2.56
252,508.67,36300,944.4,33.59,31,0.00024,7.19,2.59
253,503.56,36300,944.4,33.59,31,0.00024,7.19,2.66
254,498.41,36300,944.4,33.59,31,0.00024,7.19,2.66
255,493.2,36300,944.4,33.59,31,0.00024,7.19,2.66
256,487.95,36300,944.4,33.59,31,0.00024,7.19,2.7
257,482.66,36300,944.4,33.59,31,0.00024,7.19,2.7
258,477.32,36300,944.4,33.59,31,0.00024,7.19,2.73
259,471.93,36300,944.4,33.59,31,0.00024,7.19,2.8
260,466.51,36300,944.4,33.59,31,0.00024,7.19,2.83
261,461.04,36300,944.4,33.59,31,0.00024,7.19,2.83
262,455.54,36300,944.4,33.59,31,0.00024,7.19,2.86
263,450,36300,944.4,33.59,31,0.00024,7.19,2.93
264,444.42,36300,944.4,33.59,31,0.00024,7.19,2.9
265,438.81,36300,944.4,33.59,31,0.00024,7.19,2.93
266,433.16,36300,944.4,33.59,31,0.00024,7.19,2.96
267,427.49,36300,944.4,33.59,31,0.00024,7.19,3
268,421.78,36300,944.4,33.59,31,0.00024,7.19,3.07
269,416.05,36300,944.4,33.59,31,0.00024,7.19,3.1
270,410.29,36300,944.4,33.59,31,0.00024,7.19,3.13
271,404.5,36300,944.4,33.59,31,0.00024,7.19,3.2
272,398.7,36300,944.4,33.59,31,0.00024,7.19,3.23
273,392.87,36300,944.4,33.59,31,0.00024,7.19,3.27
274,387.02,36300,944.4,33.59,31,0.00024,7.19,3.34
275,381.16,36300,944.4,33.59,31,0.00024,7.19,3.37
276,375.28,36300,944.4,33.59,31,0.00024,7.19,3.4
277,369.39,36300,944.4,33.59,31,0.00024,7.19,3.47
278,363.49,36300,944.4,33.59,31,0.00024,7.19,3.5
279,357.58,36300,944.4,33.59,31,0.00024,7.19,3.54
280,351.66,36300,944.4,33.59,31,0.00024,7.19,3.64
281,345.73,36300,944.4,33.59,31,0.00024,7.19,3.67
282,339.8,36300,944.4,33.59,31,0.00024,7.19,3.77
283,333.87,36300,944.4,33.59,31,0.00024,7.19,3.81
284,327.95,36300,944.4,33.59,31,0.00024,7.19,3.91
285,322.02,36300,944.4,33.59,31,0.00024,7.19,3.98
286,316.1,36300,944.4,33.59,31,0.00024,7.19,4.01
287,310.19,36300,944.4,33.59,31,0.00024,7.19,4.11
288,304.28,36300,944.4,33.59,31,0.00024,7.19,4.14
289,298.39,36300,944.4,33.59,31,0.00024,7.19,4.28
290,292.51,36300,944.4,33.59,31,0.00024,7.19,4.35
291,286.65,36300,944.4,33.59,31,0.00024,7.19,4.45
292,280.8,36300,944.4,33.59,31,0.00024,7.19,4.58
293,274.98,36300,944.4,33.59,31,0.00024,7.19,4.62
294,269.18,36300,944.4,33.59,31,0.00024,7.19,4.75
295,263.4,36300,944.4,33.59,31,0.00024,7.19,4.89
296,257.65,36300,944.4,33.59,31,0.00024,7.19,4.99
297,251.93,36300,944.4,33.59,31,0.00024,7.19,5.12
298,246.25,36300,944.4,33.59,31,0.00024,7.19,5.22
299,240.59,36300,944.4,33.59,31,0.00024,7.19,5.32
300,234.97,36300,944.4,33.59,31,0.00024,7.19,5.46
301,229.4,36300,944.4,33.59,31,0.00024,7.19,5.63
302,223.86,36300,944.4,33.59,31,0.00024,7.19,5.76
303,218.36,36300,944.4,33.59,31,0.00024,7.19,5.93
304,212.91,36300,944.4,33.59,31,0.00024,7.19,6.06
305,207.51,36300,944.4,33.59,31,0.00024,7.19,6.27
306,202.16,36300,944.4,33.59,31,0.00024,7.19,6.44
307,196.86,36300,944.4,33.59,31,0.00024,7.19,6.67
308,191.61,36300,944.4,33.59,31,0.00024,7.19,6.81
309,186.42,36300,944.4,33.59,31,0.00024,7.19,7.08
310,181.29,36300,944.4,33.59,31,0.00024,7.19,7.31
311,176.22,36300,944.4,33.59,31,0.00024,7.19,7.55
312,171.21,36300,944.4,33.59,31,0.00024,7.19,7.78
313,166.27,36300,944.4,33.59,31,0.00024,7.19,8.05
314,161.39,36300,944.4,33.59,31,0.00024,7.19,8.36
315,156.59,36300,944.4,33.59,31,0.00024,7.19,8.63
316,151.85,36300,944.4,33.59,31,0.00024,7.19,8.93
317,147.19,36300,944.4,33.59,31,0.00024,7.19,9.27
318,142.61,36300,944.4,33.59,31,0.00024,7.19,9.64
319,138.1,36300,944.4,33.59,31,0.00024,7.19,9.97
320,133.67,36300,944.4,33.59,31,0.00024,7.19,10.34
321,129.33,36300,944.4,33.59,31,0.00024,7.19,10.78
322,125.07,36300,944.4,33.59,31,0.00024,7.19,11.19
323,120.89,36300,944.4,33.59,31,0.00024,7.19,11.69
324,116.8,36300,944.4,33.59,31,0.00024,7.19,12.16
325,112.8,36300,944.4,33.59,31,0.00024,7.19,12.67
326,108.89,36300,944.4,33.59,31,0.00024,7.19,13.17
327,105.07,36300,944.4,33.59,31,0.00024,7.19,13.71
328,101.35,36300,944.4,33.59,31,0.00024,7.19,14.35
329,97.72,36300,944.4,33.59,31,0.00024,7.19,14.93
330,94.2,36300,944.4,33.59,31,0.00024,7.19,15.7
331,90.77,36300,944.4,33.59,31,0.00024,7.19,16.37
332,87.44,36300,944.4,33.59,31,0.00024,7.19,17.05
333,84.21,36300,944.4,33.59,31,0.00024,7.19,17.89
334,81.09,36300,944.4,33.59,31,0.00024,7.19,18.73
335,78.08,36300,944.4,33.59,31,0.00024,7.19,19.54
336,75.17,36300,944.4,33.59,31,0.00024,7.19,20.45
337,72.37,36300,944.4,33.59,31,0.00024,7.19,21.43
338,69.67,36300,944.4,33.59,31,0.00024,7.19,22.4
339,67.09,36300,944.4,33.59,31,0.00024,7.19,23.45
340,64.62,36300,944.4,33.59,31,0.00024,7.19,24.46
341,62.27,36300,944.4,33.59,31,0.00024,7.19,25.57
342,60.03,36300,944.4,33.59,31,0.00024,7.19,26.68
343,57.9,36300,944.4,33.59,31,0.00024,7.19,27.83
344,55.89,36300,944.4,33.59,31,0.00024,7.19,29.01
345,53.99,36300,944.4,33.59,31,0.00024,7.19,30.25
346,52.22,36300,944.4,33.59,31,0.00024,7.19,31.37
347,50.56,36300,944.4,33.59,31,0.00024,7.19,32.65
348,49.02,36300,944.4,33.59,31,0.00024,7.19,33.86
349,47.6,36300,944.4,33.59,31,0.00024,7.19,35.04
350,46.31,36300,944.4,33.59,31,0.00024,7.19,36.08
351,45.13,36300,944.4,33.59,31,0.00024,7.19,37.16
352,44.08,36300,944.4,33.59,31,0.00024,7.19,38.24
353,43.15,36300,944.4,33.59,31,0.00024,7.19,39.15
354,42.34,36300,944.4,33.59,31,0.00024,7.19,39.99
355,41.66,36300,944.4,33.59,31,0.00024,7.19,40.8
356,41.09,36300,944.4,33.59,31,0.00024,7.19,41.41
357,40.66,36300,944.4,33.59,31,0.00024,7.19,41.91
358,40.35,36300,944.4,33.59,31,0.00024,7.19,42.28
359,40.16,36300,944.4,33.59,31,0.00024,7.19,42.22
360,40.09,36300,944.4,33.59,31,0.00024,7.19,42.52
361,40.15,36300,944.4,33.59,31,0.00024,7.19,42.72
362,40.34,36300,944.4,33.59,31,0.00024,7.19,42.92
363,40.65,36300,944.4,33.59,31,0.00024,7.19,43.28
364,41.08,36300,944.4,33.59,31,0.00024,7.19,41.71
365,41.64,36300,944.4,33.59,31,0.00024,7.19,41.04
366,42.32,36300,944.4,33.59,31,0.00024,7.19,40.29
367,43.12,36300,944.4,33.59,31,0.00024,7.19,39.42
368,44.05,36300,944.4,33.59,31,0.00024,7.19,38.37
369,45.1,36300,944.4,33.59,31,0.00024,7.19,37.26
370,46.27,36300,944.4,33.59,31,0.00024,7.19,36.05
371,47.57,36300,944.4,33.59,31,0.00024,7.19,34.8
372,48.98,36300,944.4,33.59,31,0.00024,7.19,33.62
373,50.52,36300,944.4,33.59,31,0.00024,7.19,32.31
374,52.17,36300,944.4,33.59,31,0.00024,7.19,31.13
375,53.95,36300,944.4,33.59,31,0.00024,7.19,29.92
376,55.84,36300,944.4,33.59,31,0.00024,7.19,28.81
377,57.85,36300,944.4,33.59,31,0.00024,7.19,27.83
378,59.97,36300,944.4,33.59,31,0.00024,7.19,27.09
379,62.21,36300,944.4,33.59,31,0.00024,7.19,26.62
380,64.56,36300,944.4,33.59,31,0.00024,7.19,25.88
381,67.03,36300,944.4,33.59,31,0.00024,7.19,25.07
382,69.61,36300,944.4,33.59,31,0.00024,7.19,24.22
383,72.3,36300,944.4,33.59,31,0.00024,7.19,23.52
384,75.1,36300,944.4,33.59,31,0.00024,7.19,22.74
385,78.01,36300,944.4,33.59,31,0.00024,7.19,21.9
386,81.02,36300,944.4,33.59,31,0.00024,7.19,20.96
387,84.14,36300,944.4,33.59,31,0.00024,7.19,20.15
388,87.36,36300,944.4,33.59,31,0.00024,7.19,19.44
389,90.69,36300,944.4,33.59,31,0.00024,7.19,18.8
390,94.12,36300,944.4,33.59,31,0.00024,7.19,17.96
391,97.64,36300,944.4,33.59,31,0.00024,7.19,17.22
392,101.27,36300,944.4,33.59,31,0.00024,7.19,16.58
393,104.99,36300,944.4,33.59,31,0.00024,7.19,16
394,108.8,36300,944.4,33.59,31,0.00024,7.19,15.36
395,112.71,36300,944.4,33.59,31,0.00024,7.19,14.72
396,116.71,36300,944.4,33.59,31,0.00024,7.19,14.22
397,120.8,36300,944.4,33.59,31,0.00024,7.19,13.58
398,124.97,36300,944.4,33.59,31,0.00024,7.19,13.17
399,129.24,36300,944.4,33.59,31,0.00024,7.19,12.67
400,133.58,36300,944.4,33.59,31,0.00024,7.19,12.1
401,138.01,36300,944.4,33.59,31,0.00024,7.19,11.66
402,142.51,36300,944.4,33.59,31,0.00024,7.19,11.25
403,147.1,36300,944.4,33.59,31,0.00024,7.19,10.85
404,151.76,36300,944.4,33.59,31,0.00024,7.19,10.48
405,156.49,36300,944.4,33.59,31,0.00024,7.19,10.11
406,161.3,36300,944.4,33.59,31,0.00024,7.19,9.74
407,166.17,36300,944.4,33.59,31,0.00024,7.19,9.47
408,171.12,36300,944.4,33.59,31,0.00024,7.19,9.13
409,176.12,36300,944.4,33.59,31,0.00024,7.19,8.83
410,181.19,36300,944.4,33.59,31,0.00024,7.19,8.49
411,186.33,36300,944.4,33.59,31,0.00024,7.19,8.19
412,191.52,36300,944.4,33.59,31,0.00024,7.19,8.02
413,196.76,36300,944.4,33.59,31,0.00024,7.19,7.72
414,202.07,36300,944.4,33.59,31,0.00024,7.19,7.51
415,207.42,36300,944.4,33.59,31,0.00024,7.19,7.31
416,212.82,36300,944.4,33.59,31,0.00024,7.19,7.08
417,218.28,36300,944.4,33.59,31,0.00024,7.19,6.84
418,223.77,36300,944.4,33.59,31,0.00024,7.19,6.64
419,229.31,36300,944.4,33.59,31,0.00024,7.19,6.54
420,234.89,36300,944.4,33.59,31,0.00024,7.19,6.27
421,240.51,36300,944.4,33.59,31,0.00024,7.19,6.1
422,246.17,36300,944.4,33.59,31,0.00024,7.19,6.03
423,251.86,36300,944.4,33.59,31,0.00024,7.19,5.83
424,257.58,36300,944.4,33.59,31,0.00024,7.19,5.69
425,263.33,36300,944.4,33.59,31,0.00024,7.19,5.53
426,269.11,36300,944.4,33.59,31,0.00024,7.19,5.39
427,274.91,36300,944.4,33.59,31,0.00024,7.19,5.22
428,280.74,36300,944.4,33.59,31,0.00024,7.19,5.12
429,286.59,36300,944.4,33.59,31,0.00024,7.19,4.99
430,292.45,36300,944.4,33.59,31,0.00024,7.19,4.89
431,298.33,36300,944.4,33.59,31,0.00024,7.19,4.82
432,304.23,36300,944.4,33.59,31,0.00024,7.19,4.68
433,310.13,36300,944.4,33.59,31,0.00024,7.19,4.58
434,316.05,36300,944.4,33.59,31,0.00024,7.19,4.48
435,321.97,36300,944.4,33.59,31,0.00024,7.19,4.41
436,327.9,36300,944.4,33.59,31,0.00024,7.19,4.31
437,333.83,36300,944.4,33.59,31,0.00024,7.19,4.21
438,339.77,36300,944.4,33.59,31,0.00024,7.19,4.14
439,345.7,36300,944.4,33.59,31,0.00024,7.19,4.08
440,351.62,36300,944.4,33.59,31,0.00024,7.19,4.01
441,357.55,36300,944.4,33.59,31,0.00024,7.19,3.91
442,363.46,36300,944.4,33.59,31,0.00024,7.19,3.84
443,369.37,36300,944.4,33.59,31,0.00024,7.19,3.77
444,375.26,36300,944.4,33.59,31,0.00024,7.19,3.71
445,381.14,36300,944.4,33.59,31,0.00024,7.19,3.6
446,387.01,36300,944.4,33.59,31,0.00024,7.19,3.57
447,392.86,36300,944.4,33.59,31,0.00024,7.19,3.47
448,398.69,36300,944.4,33.59,31,0.00024,7.19,3.44
449,404.5,36300,944.4,33.59,31,0.00024,7.19,3.37
450,410.29,36300,944.4,33.59,31,0.00024,7.19,3.37
451,416.05,36300,944.4,33.59,31,0.00024,7.19,3.34
452,421.79,36300,944.4,33.59,31,0.00024,7.19,3.27
453,427.49,36300,944.4,33.59,31,0.00024,7.19,3.23
454,433.17,36300,944.4,33.59,31,0.00024,7.19,3.17
455,438.82,36300,944.4,33.59,31,0.00024,7.19,3.1
456,444.44,36300,944.4,33.59,31,0.00024,7.19,3.1
457,450.02,36300,944.4,33.59,31,0.00024,7.19,3.07
458,455.56,36300,944.4,33.59,31,0.00024,7.19,3.03
459,461.07,36300,944.4,33.59,31,0.00024,7.19,2.96
460,466.54,36300,944.4,33.59,31,0.00024,7.19,2.9
461,471.97,36300,944.4,33.59,31,0.00024,7.19,2.86
462,477.35,36300,944.4,33.59,31,0.00024,7.19,2.9
463,482.7,36300,944.4,33.59,31,0.00024,7.19,2.8
464,488,36300,944.4,33.59,31,0.00024,7.19,2.83
465,493.25,36300,944.4,33.59,31,0.00024,7.19,2.8
466,498.46,36300,944.4,33.59,31,0.00024,7.19,2.76
467,503.61,36300,944.4,33.59,31,0.00024,7.19,2.7
468,508.72,36300,944.4,33.59,31,0.00024,7.19,2.7
469,513.78,36300,944.4,33.59,31,0.00024,7.19,2.66
470,518.79,36300,944.4,33.59,31,0.00024,7.19,2.63
471,523.74,36300,944.4,33.59,31,0.00024,7.19,2.59
472,528.64,36300,944.4,33.59,31,0.00024,7.19,2.63
473,533.48,36300,944.4,33.59,31,0.00024,7.19,2.56
474,538.27,36300,944.4,33.59,31,0.00024,7.19,2.53
475,543,36300,944.4,33.59,31,0.00024,7.19,2.56
476,547.67,36300,944.4,33.59,31,0.00024,7.19,2.49
477,552.29,36300,944.4,33.59,31,0.00024,7.19,2.46
478,556.84,36300,944.4,33.59,31,0.00024,7.19,2.49
479,561.33,36300,944.4,33.59,31,0.00024,7.19,2.43
480,565.76,36300,944.4,33.59,31,0.00024,7.19,2.43
481,570.13,36300,944.4,33.59,31,0.00024,7.19,2.36
482,574.44,36300,944.4,33.59,31,0.00024,7.19,2.36
483,578.68,36300,944.4,33.59,31,0.00024,7.19,2.36
484,582.86,36300,944.4,33.59,31,0.00024,7.19,2.32
485,586.97,36300,944.4,33.59,31,0.00024,7.19,2.39
486,591.02,36300,944.4,33.59,31,0.00024,7.19,2.36
487,595,36300,944.4,33.59,31,0.00024,7.19,2.29
488,598.91,36300,944.4,33.59,31,0.00024,7.19,2.32
489,602.76,36300,944.4,33.59,31,0.00024,7.19,2.32
490,606.54,36300,944.4,33.59,31,0.00024,7.19,2.32
491,610.25,36300,944.4,33.59,31,0.00024,7.19,2.32
492,613.89,36300,944.4,33.59,31,0.00024,7.19,2.29
493,617.46,36300,944.4,33.59,31,0.00024,7.19,2.26
494,620.96,36300,944.4,33.59,31,0.00024,7.19,2.26
495,624.39,36300,944.4,33.59,31,0.00024,7.19,2.26
496,627.75,36300,944.4,33.59,31,0.00024,7.19,2.22
497,631.03,36300,944.4,33.59,31,0.00024,7.19,2.19
498,634.25,36300,944.4,33.59,31,0.00024,7.19,2.22
499,637.39,36300,944.4,33.59,31,0.00024,7.19,2.16
500,640.46,36300,944.4,33.59,31,0.00024,7.19,2.16
501,643.46,36300,944.4,33.59,31,0.00024,7.19,2.16
502,646.39,36300,944.4,33.59,31,0.00024,7.19,2.16
503,649.24,36300,944.4,33.59,31,0.00024,7.19,2.16
504,652.02,36300,944.4,33.59,31,0.00024,7.19,2.16
505,654.72,36300,944.4,33.59,31,0.00024,7.19,2.12
506,657.35,36300,944.4,33.59,31,0.00024,7.19,2.12
507,659.91,36300,944.4,33.59,31,0.00024,7.19,2.12
508,662.39,36300,944.4,33.59,31,0.00024,7.19,2.12
509,664.79,36300,944.4,33.59,31,0.00024,7.19,2.12
510,667.13,36300,944.4,33.59,31,0.00024,7.19,2.12
511,669.38,36300,944.4,33.59,31,0.00024,7.19,2.09
512,671.56,36300,944.4,33.59,31,0.00024,7.19,2.06
513,673.67,36300,944.4,33.59,31,0.00024,7.19,2.12
514,675.7,36300,944.4,33.59,31,0.00024,7.19,2.09
515,677.65,36300,944.4,33.59,31,0.00024,7.19,2.06
516,679.53,36300,944.4,33.59,31,0.00024,7.19,2.09
517,681.33,36300,944.4,33.59,31,0.00024,7.19,2.02
518,683.06,36300,944.4,33.59,31,0.00024,7.19,2.06
519,684.71,36300,944.4,33.59,31,0.00024,7.19,2.09
520,686.28,36300,944.4,33.59,31,0.00024,7.19,2.02
521,687.78,36300,944.4,33.59,31,0.00024,7.19,2.02
522,689.2,36300,944.4,33.59,31,0.00024,7.19,2.02
523,690.54,36300,944.4,33.59,31,0.00024,7.19,1.99
524,691.81,36300,944.4,33.59,31,0.00024,7.19,1.99
525,693,36300,944.4,33.59,31,0.00024,7.19,2.02
526,694.11,36300,944.4,33.59,31,0.00024,7.19,1.99
527,695.15,36300,944.4,33.59,31,0.00024,7.19,1.99
528,696.11,36300,944.4,33.59,31,0.00024,7.19,1.99
529,697,36300,944.4,33.59,31,0.00024,7.19,1.95
530,697.8,36300,944.4,33.59,31,0.00024,7.19,1.95
531,698.53,36300,944.4,33.59,31,0.00024,7.19,1.92
532,699.18,36300,944.4,33.59,31,0.00024,7.19,1.95
533,699.76,36300,944.4,33.59,31,0.00024,7.19,1.89
534,700.26,36300,944.4,33.59,31,0.00024,7.19,1.89
535,700.68,36300,944.4,33.59,31,0.00024,7.19,1.89
536,701.02,36300,944.4,33.59,31,0.00024,7.19,1.89
537,701.29,36300,944.4,33.59,31,0.00024,7.19,1.89
538,701.48,36300,944.4,33.59,31,0.00024,7.19,1.89
539,701.6,36300,944.4,33.59,31,0.00024,7.19,1.85
540,701.63,36300,944.4,33.59,31,0.00024,7.19,1.85
541,701.59,36300,944.4,33.59,31,0.00024,7.19,1.85
542,701.47,36300,944.4,33.59,31,0.00024,7.19,1.85
543,701.28,36300,944.4,33.59,31,0.00024,7.19,1.85
544,701.01,36300,944.4,33.59,31,0.00024,7.19,1.82
545,700.66,36300,944.4,33.59,31,0.00024,7.19,1.79
546,700.23,36300,944.4,33.59,31,0.00024,7.19,1.89
547,699.73,36300,944.4,33.59,31,0.00024,7.19,1.82
548,699.15,36300,944.4,33.59,31,0.00024,7.19,1.79
549,698.49,36300,944.4,33.59,31,0.00024,7.19,1.85
550,697.76,36300,944.4,33.59,31,0.00024,7.19,1.79
551,696.94,36300,944.4,33.59,31,0.00024,7.19,1.85
552,696.06,36300,944.4,33.59,31,0.00024,7.19,1.79
553,695.09,36300,944.4,33.59,31,0.00024,7.19,1.82
554,694.05,36300,944.4,33.59,31,0.00024,7.19,1.75
555,692.93,36300,944.4,33.59,31,0.00024,7.19,1.79
556,691.74,36300,944.4,33.59,31,0.00024,7.19,1.79
557,690.47,36300,944.4,33.59,31,0.00024,7.19,1.79
558,689.12,36300,944.4,33.59,31,0.00024,7.19,1.79
559,687.69,36300,944.4,33.59,31,0.00024,7.19,1.79
560,686.19,36300,944.4,33.59,31,0.00024,7.19,1.79
561,684.62,36300,944.4,33.59,31,0.00024,7.19,1.75
562,682.96,36300,944.4,33.59,31,0.00024,7.19,1.75
563,681.23,36300,944.4,33.59,31,0.00024,7.19,1.72
564,679.43,36300,944.4,33.59,31,0.00024,7.19,1.75
565,677.55,36300,944.4,33.59,31,0.00024,7.19,1.72
566,675.59,36300,944.4,33.59,31,0.00024,7.19,1.75
567,673.56,36300,944.4,33.59,31,0.00024,7.19,1.72
568,671.45,36300,944.4,33.59,31,0.00024,7.19,1.72
569,669.26,36300,944.4,33.59,31,0.00024,7.19,1.72
570,667.01,36300,944.4,33.59,31,0.00024,7.19,1.75
571,664.67,36300,944.4,33.59,31,0.00024,7.19,1.72
572,662.26,36300,944.4,33.59,31,0.00024,7.19,1.75
573,659.78,36300,944.4,33.59,31,0.00024,7.19,1.72
574,657.22,36300,944.4,33.59,31,0.00024,7.19,1.72
575,654.59,36300,944.4,33.59,31,0.00024,7.19,1.75
576,651.88,36300,944.4,33.59,31,0.00024,7.19,1.72
577,649.1,36300,944.4,33.59,31,0.00024,7.19,1.75
578,646.25,36300,944.4,33.59,31,0.00024,7.19,1.75
579,643.33,36300,944.4,33.59,31,0.00024,7.19,1.75
580,640.33,36300,944.4,33.59,31,0.00024,7.19,1.75
581,637.25,36300,944.4,33.59,31,0.00024,7.19,1.75
582,634.11,36300,944.4,33.59,31,0.00024,7.19,1.79
583,630.89,36300,944.4,33.59,31,0.00024,7.19,1.82
584,627.61,36300,944.4,33.59,31,0.00024,7.19,1.72
585,624.25,36300,944.4,33.59,31,0.00024,7.19,1.79
586,620.82,36300,944.4,33.59,31,0.00024,7.19,1.85
587,617.32,36300,944.4,33.59,31,0.00024,7.19,1.79
588,613.75,36300,944.4,33.59,31,0.00024,7.19,1.85
589,610.11,36300,944.4,33.59,31,0.00024,7.19,1.79
590,606.4,36300,944.4,33.59,31,0.00024,7.19,1.85
591,602.62,36300,944.4,33.59,31,0.00024,7.19,1.82
592,598.78,36300,944.4,33.59,31,0.00024,7.19,1.79
593,594.87,36300,944.4,33.59,31,0.00024,7.19,1.85
594,590.89,36300,944.4,33.59,31,0.00024,7.19,1.82
595,586.84,36300,944.4,33.59,31,0.00024,7.19,1.82
596,582.73,36300,944.4,33.59,31,0.00024,7.19,1.82
597,578.55,36300,944.4,33.59,31,0.00024,7.19,1.82
598,574.31,36300,944.4,33.59,31,0.00024,7.19,1.82
599,570.01,36300,944.4,33.59,31,0.00024,7.19,1.85
600,565.64,36300,944.4,33.59,31,0.00024,7.19,1.89
601,561.21,36300,944.4,33.59,31,0.00024,7.19,1.89
602,556.72,36300,944.4,33.59,31,0.00024,7.19,1.89
603,552.17,36300,944.4,33.59,31,0.00024,7.19,1.89
604,547.56,36300,944.4,33.59,31,0.00024,7.19,1.92
605,542.89,36300,944.4,33.59,31,0.00024,7.19,1.95
606,538.16,36300,944.4,33.59,31,0.00024,7.19,1.89
607,533.38,36300,944.4,33.59,31,0.00024,7.19,1.92
608,528.54,36300,944.4,33.59,31,0.00024,7.19,1.95
609,523.64,36300,944.4,33.59,31,0.00024,7.19,1.92
610,518.7,36300,944.4,33.59,31,0.00024,7.19,1.95
611,513.69,36300,944.4,33.59,31,0.00024,7.19,1.95
612,508.64,36300,944.4,33.59,31,0.00024,7.19,1.92
613,503.54,36300,944.4,33.59,31,0.00024,7.19,1.99
614,498.38,36300,944.4,33.59,31,0.00024,7.19,1.95
615,493.18,36300,944.4,33.59,31,0.00024,7.19,1.95
616,487.93,36300,944.4,33.59,31,0.00024,7.19,1.95
617,482.64,36300,944.4,33.59,31,0.00024,7.19,1.92
618,477.3,36300,944.4,33.59,31,0.00024,7.19,1.99
619,471.92,36300,944.4,33.59,31,0.00024,7.19,1.95
620,466.49,36300,944.4,33.59,31,0.00024,7.19,1.95
621,461.03,36300,944.4,33.59,31,0.00024,7.19,1.95
622,455.52,36300,944.4,33.59,31,0.00024,7.19,1.95
623,449.98,36300,944.4,33.59,31,0.00024,7.19,1.92
624,444.41,36300,944.4,33.59,31,0.00024,7.19,1.99
625,438.8,36300,944.4,33.59,31,0.00024,7.19,1.95
626,433.15,36300,944.4,33.59,31,0.00024,7.19,1.92
627,427.48,36300,944.4,33.59,31,0.00024,7.19,1.99
628,421.78,36300,944.4,33.59,31,0.00024,7.19,1.95
629,416.04,36300,944.4,33.59,31,0.00024,7.19,1.92
630,410.29,36300,944.4,33.59,31,0.00024,7.19,1.95
631,404.51,36300,944.4,33.59,31,0.00024,7.19,1.92
632,398.7,36300,944.4,33.59,31,0.00024,7.19,1.95
633,392.88,36300,944.4,33.59,31,0.00024,7.19,1.89
634,387.03,36300,944.4,33.59,31,0.00024,7.19,1.92
635,381.17,36300,944.4,33.59,31,0.00024,7.19,1.95
636,375.29,36300,944.4,33.59,31,0.00024,7.19,1.92
637,369.4,36300,944.4,33.59,31,0.00024,7.19,1.95
638,363.5,36300,944.4,33.59,31,0.00024,7.19,1.89
639,357.59,36300,944.4,33.59,31,0.00024,7.19,1.89
640,351.67,36300,944.4,33.59,31,0.00024,7.19,1.89
641,345.75,36300,944.4,33.59,31,0.00024,7.19,1.89
642,339.82,36300,944.4,33.59,31,0.00024,7.19,1.89
643,333.9,36300,944.4,33.59,31,0.00024,7.19,1.89
644,327.97,36300,944.4,33.59,31,0.00024,7.19,1.89
645,322.04,36300,944.4,33.59,31,0.00024,7.19,1.89
646,316.12,36300,944.4,33.59,31,0.00024,7.19,1.89
647,310.21,36300,944.4,33.59,31,0.00024,7.19,1.89
648,304.31,36300,944.4,33.59,31,0.00024,7.19,1.89
649,298.42,36300,944.4,33.59,31,0.00024,7.19,1.89
650,292.54,36300,944.4,33.59,31,0.00024,7.19,1.89
651,286.68,36300,944.4,33.59,31,0.00024,7.19,1.89
652,280.84,36300,944.4,33.59,31,0.00024,7.19,1.89
653,275.01,36300,944.4,33.59,31,0.00024,7.19,1.89
654,269.21,36300,944.4,33.59,31,0.00024,7.19,1.89
655,263.44,36300,944.4,33.59,31,0.00024,7.19,1.89
656,257.69,36300,944.4,33.59,31,0.00024,7.19,1.89
657,251.97,36300,944.4,33.59,31,0.00024,7.19,1.92
658,246.29,36300,944.4,33.59,31,0.00024,7.19,1.92
659,240.63,36300,944.4,33.59,31,0.00024,7.19,1.95
660,235.02,36300,944.4,33.59,31,0.00024,7.19,1.89
661,229.44,36300,944.4,33.59,31,0.00024,7.19,1.89
662,223.9,36300,944.4,33.59,31,0.00024,7.19,1.92
663,218.4,36300,944.4,33.59,31,0.00024,7.19,1.95
664,212.95,36300,944.4,33.59,31,0.00024,7.19,1.92
665,207.55,36300,944.4,33.59,31,0.00024,7.19,1.95
666,202.2,36300,944.4,33.59,31,0.00024,7.19,1.92
667,196.9,36300,944.4,33.59,31,0.00024,7.19,1.99
668,191.65,36300,944.4,33.59,31,0.00024,7.19,1.99
669,186.46,36300,944.4,33.59,31,0.00024,7.19,1.99
670,181.33,36300,944.4,33.59,31,0.00024,7.19,1.99
671,176.26,36300,944.4,33.59,31,0.00024,7.19,1.99
672,171.26,36300,944.4,33.59,31,0.00024,7.19,1.99
673,166.31,36300,944.4,33.59,31,0.00024,7.19,1.99
674,161.44,36300,944.4,33.59,31,0.00024,7.19,1.99
675,156.63,36300,944.4,33.59,31,0.00024,7.19,1.99
676,151.9,36300,944.4,33.59,31,0.00024,7.19,1.99
677,147.24,36300,944.4,33.59,31,0.00024,7.19,2.02
678,142.65,36300,944.4,33.59,31,0.00024,7.19,1.99
679,138.15,36300,944.4,33.59,31,0.00024,7.19,2.02
680,133.72,36300,944.4,33.59,31,0.00024,7.19,2.02
681,129.37,36300,944.4,33.59,31,0.00024,7.19,2.02
682,125.11,36300,944.4,33.59,31,0.00024,7.19,2.02
683,120.93,36300,944.4,33.59,31,0.00024,7.19,1.99
684,116.84,36300,944.4,33.59,31,0.00024,7.19,2.02
685,112.84,36300,944.4,33.59,31,0.00024,7.19,1.99
686,108.93,36300,944.4,33.59,31,0.00024,7.19,2.06
687,105.12,36300,944.4,33.59,31,0.00024,7.19,2.06
688,101.39,36300,944.4,33.59,31,0.00024,7.19,2.06
689,97.77,36300,944.4,33.59,31,0.00024,7.19,2.06
690,94.24,36300,944.4,33.59,31,0.00024,7.19,2.06
691,90.81,36300,944.4,33.59,31,0.00024,7.19,2.06
692,87.48,36300,944.4,33.59,31,0.00024,7.19,2.02
693,84.25,36300,944.4,33.59,31,0.00024,7.19,2.02
694,81.13,36300,944.4,33.59,31,0.00024,7.19,2.02
695,78.11,36300,944.4,33.59,31,0.00024,7.19,2.02
696,75.2,36300,944.4,33.59,31,0.00024,7.19,2.02
697,72.4,36300,944.4,33.59,31,0.00024,7.19,1.99
698,69.71,36300,944.4,33.59,31,0.00024,7.19,2.02
699,67.12,36300,944.4,33.59,31,0.00024,7.19,2.02
700,64.65,36300,944.4,33.59,31,0.00024,7.19,2.02
701,62.3,36300,944.4,33.59,31,0.00024,7.19,1.99
702,60.05,36300,944.4,33.59,31,0.00024,7.19,2.02
703,57.92,36300,944.4,33.59,31,0.00024,7.19,1.99
704,55.91,36300,944.4,33.59,31,0.00024,7.19,2.02
705,54.02,36300,944.4,33.59,31,0.00024,7.19,2.02
706,52.24,36300,944.4,33.59,31,0.00024,7.19,2.06
707,50.58,36300,944.4,33.59,31,0.00024,7.19,2.09
708,49.04,36300,944.4,33.59,31,0.00024,7.19,2.06
709,47.62,36300,944.4,33.59,31,0.00024,7.19,2.12
710,46.32,36300,944.4,33.59,31,0.00024,7.19,2.12
711,45.15,36300,944.4,33.59,31,0.00024,7.19,2.12
712,44.09,36300,944.4,33.59,31,0.00024,7.19,2.16
713,43.16,36300,944.4,33.59,31,0.00024,7.19,2.16
714,42.35,36300,944.4,33.59,31,0.00024,7.19,2.19
715,41.66,36300,944.4,33.59,31,0.00024,7.19,2.26
716,41.1,36300,944.4,33.59,31,0.00024,7.19,2.29
717,40.66,36300,944.4,33.59,31,0.00024,7.19,2.29
718,40.35,36300,944.4,33.59,31,0.00024,7.19,2.36
719,40.16,36300,944.4,33.59,31,0.00024,7.19,2.29
720,40.09,36300,944.4,33.59,31,0.00024,7.19,2.36
1,40.16,36300,944.4,33.59,31,0.00037,7.41,2.16
2,40.34,36300,944.4,33.59,31,0.00037,7.41,2.12
3,40.65,36300,944.4,33.59,31,0.00037,7.41,2.16
4,41.09,36300,944.4,33.59,31,0.00037,7.41,2.09
5,41.65,36300,944.4,33.59,31,0.00037,7.41,2.06
6,42.33,36300,944.4,33.59,31,0.00037,7.41,2.06
7,43.14,36300,944.4,33.59,31,0.00037,7.41,1.99
8,44.07,36300,944.4,33.59,31,0.00037,7.41,1.89
9,45.12,36300,944.4,33.59,31,0.00037,7.41,1.79
10,46.29,36300,944.4,33.59,31,0.00037,7.41,1.79
11,47.59,36300,944.4,33.59,31,0.00037,7.41,1.72
12,49,36300,944.4,33.59,31,0.00037,7.41,1.62
13,50.54,36300,944.4,33.59,31,0.00037,7.41,1.52
14,52.19,36300,944.4,33.59,31,0.00037,7.41,1.52
15,53.97,36300,944.4,33.59,31,0.00037,7.41,1.45
16,55.86,36300,944.4,33.59,31,0.00037,7.41,1.42
17,57.87,36300,944.4,33.59,31,0.00037,7.41,1.38
18,60,36300,944.4,33.59,31,0.00037,7.41,1.42
19,62.24,36300,944.4,33.59,31,0.00037,7.41,1.42
20,64.59,36300,944.4,33.59,31,0.00037,7.41,1.45
21,67.06,36300,944.4,33.59,31,0.00037,7.41,1.42
22,69.64,36300,944.4,33.59,31,0.00037,7.41,1.35
23,72.33,36300,944.4,33.59,31,0.00037,7.41,1.31
24,75.13,36300,944.4,33.59,31,0.00037,7.41,1.35
25,78.04,36300,944.4,33.59,31,0.00037,7.41,1.35
26,81.06,36300,944.4,33.59,31,0.00037,7.41,1.35
27,84.18,36300,944.4,33.59,31,0.00037,7.41,1.35
28,87.4,36300,944.4,33.59,31,0.00037,7.41,1.38
29,90.73,36300,944.4,33.59,31,0.00037,7.41,1.42
30,94.16,36300,944.4,33.59,31,0.00037,7.41,1.38
31,97.68,36300,944.4,33.59,31,0.00037,7.41,1.42
32,101.31,36300,944.4,33.59,31,0.00037,7.41,1.38
33,105.03,36300,944.4,33.59,31,0.00037,7.41,1.42
34,108.85,36300,944.4,33.59,31,0.00037,7.41,1.42
35,112.76,36300,944.4,33.59,31,0.00037,7.41,1.42
36,116.75,36300,944.4,33.59,31,0.00037,7.41,1.42
37,120.84,36300,944.4,33.59,31,0.00037,7.41,1.42
38,125.02,36300,944.4,33.59,31,0.00037,7.41,1.42
39,129.28,36300,944.4,33.59,31,0.00037,7.41,1.42
40,133.63,36300,944.4,33.59,31,0.00037,7.41,1.42
41,138.05,36300,944.4,33.59,31,0.00037,7.41,1.42
42,142.56,36300,944.4,33.59,31,0.00037,7.41,1.42
43,147.15,36300,944.4,33.59,31,0.00037,7.41,1.45
44,151.81,36300,944.4,33.59,31,0.00037,7.41,1.45
45,156.54,36300,944.4,33.59,31,0.00037,7.41,1.45
46,161.35,36300,944.4,33.59,31,0.00037,7.41,1.45
47,166.22,36300,944.4,33.59,31,0.00037,7.41,1.42
48,171.16,36300,944.4,33.59,31,0.00037,7.41,1.42
49,176.17,36300,944.4,33.59,31,0.00037,7.41,1.42
50,181.24,36300,944.4,33.59,31,0.00037,7.41,1.42
51,186.37,36300,944.4,33.59,31,0.00037,7.41,1.42
52,191.56,36300,944.4,33.59,31,0.00037,7.41,1.38
53,196.81,36300,944.4,33.59,31,0.00037,7.41,1.42
54,202.11,36300,944.4,33.59,31,0.00037,7.41,1.38
55,207.46,36300,944.4,33.59,31,0.00037,7.41,1.45
56,212.87,36300,944.4,33.59,31,0.00037,7.41,1.45
57,218.32,36300,944.4,33.59,31,0.00037,7.41,1.45
58,223.81,36300,944.4,33.59,31,0.00037,7.41,1.42
59,229.35,36300,944.4,33.59,31,0.00037,7.41,1.38
60,234.93,36300,944.4,33.59,31,0.00037,7.41,1.42
61,240.55,36300,944.4,33.59,31,0.00037,7.41,1.42
62,246.21,36300,944.4,33.59,31,0.00037,7.41,1.38
63,251.9,36300,944.4,33.59,31,0.00037,7.41,1.42
64,257.62,36300,944.4,33.59,31,0.00037,7.41,1.42
65,263.37,36300,944.4,33.59,31,0.00037,7.41,1.42
66,269.14,36300,944.4,33.59,31,0.00037,7.41,1.42
67,274.95,36300,944.4,33.59,31,0.00037,7.41,1.38
68,280.77,36300,944.4,33.59,31,0.00037,7.41,1.42
69,286.62,36300,944.4,33.59,31,0.00037,7.41,1.42
70,292.48,36300,944.4,33.59,31,0.00037,7.41,1.38
71,298.36,36300,944.4,33.59,31,0.00037,7.41,1.42
72,304.25,36300,944.4,33.59,31,0.00037,7.41,1.38
73,310.16,36300,944.4,33.59,31,0.00037,7.41,1.42
74,316.07,36300,944.4,33.59,31,0.00037,7.41,1.38
75,322,36300,944.4,33.59,31,0.00037,7.41,1.42
76,327.92,36300,944.4,33.59,31,0.00037,7.41,1.38
77,333.85,36300,944.4,33.59,31,0.00037,7.41,1.45
78,339.78,36300,944.4,33.59,31,0.00037,7.41,1.42
79,345.71,36300,944.4,33.59,31,0.00037,7.41,1.38
80,351.64,36300,944.4,33.59,31,0.00037,7.41,1.42
81,357.56,36300,944.4,33.59,31,0.00037,7.41,1.38
82,363.48,36300,944.4,33.59,31,0.00037,7.41,1.42
83,369.38,36300,944.4,33.59,31,0.00037,7.41,1.38
84,375.27,36300,944.4,33.59,31,0.00037,7.41,1.42
85,381.15,36300,944.4,33.59,31,0.00037,7.41,1.38
86,387.02,36300,944.4,33.59,31,0.00037,7.41,1.42
87,392.87,36300,944.4,33.59,31,0.00037,7.41,1.38
88,398.69,36300,944.4,33.59,31,0.00037,7.41,1.45
89,404.5,36300,944.4,33.59,31,0.00037,7.41,1.42
90,410.29,36300,944.4,33.59,31,0.00037,7.41,1.38
91,416.05,36300,944.4,33.59,31,0.00037,7.41,1.42
92,421.78,36300,944.4,33.59,31,0.00037,7.41,1.38
93,427.49,36300,944.4,33.59,31,0.00037,7.41,1.42
94,433.17,36300,944.4,33.59,31,0.00037,7.41,1.38
95,438.81,36300,944.4,33.59,31,0.00037,7.41,1.45
96,444.43,36300,944.4,33.59,31,0.00037,7.41,1.45
97,450.01,36300,944.4,33.59,31,0.00037,7.41,1.45
98,455.55,36300,944.4,33.59,31,0.00037,7.41,1.42
99,461.06,36300,944.4,33.59,31,0.00037,7.41,1.38
100,466.52,36300,944.4,33.59,31,0.00037,7.41,1.45
101,471.95,36300,944.4,33.59,31,0.00037,7.41,1.45
102,477.34,36300,944.4,33.59,31,0.00037,7.41,1.48
103,482.68,36300,944.4,33.59,31,0.00037,7.41,1.45
104,487.98,36300,944.4,33.59,31,0.00037,7.41,1.48
105,493.23,36300,944.4,33.59,31,0.00037,7.41,1.45
106,498.43,36300,944.4,33.59,31,0.00037,7.41,1.48
107,503.59,36300,944.4,33.59,31,0.00037,7.41,1.52
108,508.7,36300,944.4,33.59,31,0.00037,7.41,1.55
109,513.75,36300,944.4,33.59,31,0.00037,7.41,1.45
110,518.76,36300,944.4,33.59,31,0.00037,7.41,1.48
111,523.71,36300,944.4,33.59,31,0.00037,7.41,1.45
112,528.6,36300,944.4,33.59,31,0.00037,7.41,1.52
113,533.45,36300,944.4,33.59,31,0.00037,7.41,1.52
114,538.23,36300,944.4,33.59,31,0.00037,7.41,1.52
115,542.96,36300,944.4,33.59,31,0.00037,7.41,1.55
116,547.63,36300,944.4,33.59,31,0.00037,7.41,1.48
117,552.25,36300,944.4,33.59,31,0.00037,7.41,1.52
118,556.8,36300,944.4,33.59,31,0.00037,7.41,1.55
119,561.29,36300,944.4,33.59,31,0.00037,7.41,1.48
120,565.72,36300,944.4,33.59,31,0.00037,7.41,1.48
121,570.09,36300,944.4,33.59,31,0.00037,7.41,1.52
122,574.4,36300,944.4,33.59,31,0.00037,7.41,1.58
123,578.64,36300,944.4,33.59,31,0.00037,7.41,1.55
124,582.82,36300,944.4,33.59,31,0.00037,7.41,1.52
125,586.93,36300,944.4,33.59,31,0.00037,7.41,1.58
126,590.98,36300,944.4,33.59,31,0.00037,7.41,1.55
127,594.96,36300,944.4,33.59,31,0.00037,7.41,1.52
128,598.87,36300,944.4,33.59,31,0.00037,7.41,1.55
129,602.72,36300,944.4,33.59,31,0.00037,7.41,1.52
130,606.49,36300,944.4,33.59,31,0.00037,7.41,1.58
131,610.2,36300,944.4,33.59,31,0.00037,7.41,1.58
132,613.84,36300,944.4,33.59,31,0.00037,7.41,1.55
133,617.41,36300,944.4,33.59,31,0.00037,7.41,1.55
134,620.91,36300,944.4,33.59,31,0.00037,7.41,1.52
135,624.34,36300,944.4,33.59,31,0.00037,7.41,1.58
136,627.7,36300,944.4,33.59,31,0.00037,7.41,1.58
137,630.99,36300,944.4,33.59,31,0.00037,7.41,1.62
138,634.2,36300,944.4,33.59,31,0.00037,7.41,1.58
139,637.35,36300,944.4,33.59,31,0.00037,7.41,1.58
140,640.42,36300,944.4,33.59,31,0.00037,7.41,1.58
141,643.42,36300,944.4,33.59,31,0.00037,7.41,1.58
142,646.34,36300,944.4,33.59,31,0.00037,7.41,1.62
143,649.19,36300,944.4,33.59,31,0.00037,7.41,1.62
144,651.97,36300,944.4,33.59,31,0.00037,7.41,1.58
145,654.68,36300,944.4,33.59,31,0.00037,7.41,1.62
146,657.31,36300,944.4,33.59,31,0.00037,7.41,1.58
147,659.86,36300,944.4,33.59,31,0.00037,7.41,1.62
148,662.35,36300,944.4,33.59,31,0.00037,7.41,1.62
149,664.75,36300,944.4,33.59,31,0.00037,7.41,1.62
150,667.09,36300,944.4,33.59,31,0.00037,7.41,1.62
151,669.34,36300,944.4,33.59,31,0.00037,7.41,1.65
152,671.52,36300,944.4,33.59,31,0.00037,7.41,1.68
153,673.63,36300,944.4,33.59,31,0.00037,7.41,1.62
154,675.66,36300,944.4,33.59,31,0.00037,7.41,1.65
155,677.62,36300,944.4,33.59,31,0.00037,7.41,1.68
156,679.5,36300,944.4,33.59,31,0.00037,7.41,1.65
157,681.3,36300,944.4,33.59,31,0.00037,7.41,1.68
158,683.03,36300,944.4,33.59,31,0.00037,7.41,1.62
159,684.68,36300,944.4,33.59,31,0.00037,7.41,1.65
160,686.25,36300,944.4,33.59,31,0.00037,7.41,1.68
161,687.75,36300,944.4,33.59,31,0.00037,7.41,1.65
162,689.17,36300,944.4,33.59,31,0.00037,7.41,1.68
163,690.52,36300,944.4,33.59,31,0.00037,7.41,1.65
164,691.79,36300,944.4,33.59,31,0.00037,7.41,1.72
165,692.98,36300,944.4,33.59,31,0.00037,7.41,1.68
166,694.09,36300,944.4,33.59,31,0.00037,7.41,1.68
167,695.13,36300,944.4,33.59,31,0.00037,7.41,1.65
168,696.09,36300,944.4,33.59,31,0.00037,7.41,1.72
169,696.98,36300,944.4,33.59,31,0.00037,7.41,1.68
170,697.79,36300,944.4,33.59,31,0.00037,7.41,1.68
171,698.52,36300,944.4,33.59,31,0.00037,7.41,1.68
172,699.17,36300,944.4,33.59,31,0.00037,7.41,1.68
173,699.75,36300,944.4,33.59,31,0.00037,7.41,1.68
174,700.25,36300,944.4,33.59,31,0.00037,7.41,1.68
175,700.67,36300,944.4,33.59,31,0.00037,7.41,1.68
176,701.02,36300,944.4,33.59,31,0.00037,7.41,1.68
177,701.29,36300,944.4,33.59,31,0.00037,7.41,1.68
178,701.48,36300,944.4,33.59,31,0.00037,7.41,1.68
179,701.59,36300,944.4,33.59,31,0.00037,7.41,1.68
180,701.63,36300,944.4,33.59,31,0.00037,7.41,1.68
181,701.59,36300,944.4,33.59,31,0.00037,7.41,1.68
182,701.48,36300,944.4,33.59,31,0.00037,7.41,1.68
183,701.28,36300,944.4,33.59,31,0.00037,7.41,1.72
184,701.01,36300,944.4,33.59,31,0.00037,7.41,1.72
185,700.66,36300,944.4,33.59,31,0.00037,7.41,1.72
186,700.24,36300,944.4,33.59,31,0.00037,7.41,1.75
187,699.74,36300,944.4,33.59,31,0.00037,7.41,1.72
188,699.16,36300,944.4,33.59,31,0.00037,7.41,1.72
189,698.5,36300,944.4,33.59,31,0.00037,7.41,1.75
190,697.77,36300,944.4,33.59,31,0.00037,7.41,1.72
191,696.96,36300,944.4,33.59,31,0.00037,7.41,1.75
192,696.07,36300,944.4,33.59,31,0.00037,7.41,1.75
193,695.11,36300,944.4,33.59,31,0.00037,7.41,1.75
194,694.07,36300,944.4,33.59,31,0.00037,7.41,1.75
195,692.95,36300,944.4,33.59,31,0.00037,7.41,1.72
196,691.76,36300,944.4,33.59,31,0.00037,7.41,1.75
197,690.49,36300,944.4,33.59,31,0.00037,7.41,1.72
198,689.14,36300,944.4,33.59,31,0.00037,7.41,1.75
199,687.72,36300,944.4,33.59,31,0.00037,7.41,1.75
200,686.22,36300,944.4,33.59,31,0.00037,7.41,1.75
201,684.65,36300,944.4,33.59,31,0.00037,7.41,1.75
202,682.99,36300,944.4,33.59,31,0.00037,7.41,1.75
203,681.27,36300,944.4,33.59,31,0.00037,7.41,1.75
204,679.46,36300,944.4,33.59,31,0.00037,7.41,1.75
205,677.58,36300,944.4,33.59,31,0.00037,7.41,1.75
206,675.63,36300,944.4,33.59,31,0.00037,7.41,1.79
207,673.59,36300,944.4,33.59,31,0.00037,7.41,1.82
208,671.49,36300,944.4,33.59,31,0.00037,7.41,1.75
209,669.3,36300,944.4,33.59,31,0.00037,7.41,1.79
210,667.05,36300,944.4,33.59,31,0.00037,7.41,1.82
211,664.71,36300,944.4,33.59,31,0.00037,7.41,1.75
212,662.3,36300,944.4,33.59,31,0.00037,7.41,1.82
213,659.82,36300,944.4,33.59,31,0.00037,7.41,1.75
214,657.27,36300,944.4,33.59,31,0.00037,7.41,1.82
215,654.63,36300,944.4,33.59,31,0.00037,7.41,1.79
216,651.93,36300,944.4,33.59,31,0.00037,7.41,1.89
217,649.15,36300,944.4,33.59,31,0.00037,7.41,1.82
218,646.3,36300,944.4,33.59,31,0.00037,7.41,1.82
219,643.37,36300,944.4,33.59,31,0.00037,7.41,1.82
220,640.37,36300,944.4,33.59,31,0.00037,7.41,1.82
221,637.3,36300,944.4,33.59,31,0.00037,7.41,1.82
222,634.16,36300,944.4,33.59,31,0.00037,7.41,1.85
223,630.94,36300,944.4,33.59,31,0.00037,7.41,1.89
224,627.65,36300,944.4,33.59,31,0.00037,7.41,1.89
225,624.29,36300,944.4,33.59,31,0.00037,7.41,1.85
226,620.87,36300,944.4,33.59,31,0.00037,7.41,1.92
227,617.36,36300,944.4,33.59,31,0.00037,7.41,1.95
228,613.79,36300,944.4,33.59,31,0.00037,7.41,1.89
229,610.16,36300,944.4,33.59,31,0.00037,7.41,1.92
230,606.45,36300,944.4,33.59,31,0.00037,7.41,1.99
231,602.67,36300,944.4,33.59,31,0.00037,7.41,1.99
232,598.82,36300,944.4,33.59,31,0.00037,7.41,1.99
233,594.91,36300,944.4,33.59,31,0.00037,7.41,1.99
234,590.93,36300,944.4,33.59,31,0.00037,7.41,2.02
235,586.89,36300,944.4,33.59,31,0.00037,7.41,2.02
236,582.77,36300,944.4,33.59,31,0.00037,7.41,2.02
237,578.6,36300,944.4,33.59,31,0.00037,7.41,2.06
238,574.36,36300,944.4,33.59,31,0.00037,7.41,2.09
239,570.05,36300,944.4,33.59,31,0.00037,7.41,2.06
240,565.68,36300,944.4,33.59,31,0.00037,7.41,2.12
241,561.25,36300,944.4,33.59,31,0.00037,7.41,2.12
242,556.76,36300,944.4,33.59,31,0.00037,7.41,2.16
243,552.21,36300,944.4,33.59,31,0.00037,7.41,2.16
244,547.6,36300,944.4,33.59,31,0.00037,7.41,2.16
245,542.93,36300,944.4,33.59,31,0.00037,7.41,2.16
246,538.2,36300,944.4,33.59,31,0.00037,7.41,2.19
247,533.41,36300,944.4,33.59,31,0.00037,7.41,2.22
248,528.57,36300,944.4,33.59,31,0.00037,7.41,2.19
249,523.68,36300,944.4,33.59,31,0.00037,7.41,2.29
250,518.73,36300,944.4,33.59,31,0.00037,7.41,2.29
251,513.72,36300,944.4,33.59,31,0.00037,7.41,2.32
252,508.67,36300,944.4,33.59,31,0.00037,7.41,2.36
253,503.56,36300,944.4,33.59,31,0.00037,7.41,2.29
254,498.41,36300,944.4,33.59,31,0.00037,7.41,2.36
255,493.2,36300,944.4,33.59,31,0.00037,7.41,2.36
256,487.95,36300,944.4,33.59,31,0.00037,7.41,2.36
257,482.66,36300,944.4,33.59,31,0.00037,7.41,2.39
258,477.32,36300,944.4,33.59,31,0.00037,7.41,2.46
259,471.93,36300,944.4,33.59,31,0.00037,7.41,2.53
260,466.51,36300,944.4,33.59,31,0.00037,7.41,2.56
261,461.04,36300,944.4,33.59,31,0.00037,7.41,2.56
262,455.54,36300,944.4,33.59,31,0.00037,7.41,2.59
263,450,36300,944.4,33.59,31,0.00037,7.41,2.63
264,444.42,36300,944.4,33.59,31,0.00037,7.41,2.63
265,438.81,36300,944.4,33.59,31,0.00037,7.41,2.66
266,433.16,36300,944.4,33.59,31,0.00037,7.41,2.73
267,427.49,36300,944.4,33.59,31,0.00037,7.41,2.8
268,421.78,36300,944.4,33.59,31,0.00037,7.41,2.83
269,416.05,36300,944.4,33.59,31,0.00037,7.41,2.86
270,410.29,36300,944.4,33.59,31,0.00037,7.41,2.93
271,404.5,36300,944.4,33.59,31,0.00037,7.41,2.93
272,398.7,36300,944.4,33.59,31,0.00037,7.41,2.96
273,392.87,36300,944.4,33.59,31,0.00037,7.41,3
274,387.02,36300,944.4,33.59,31,0.00037,7.41,3.07
275,381.16,36300,944.4,33.59,31,0.00037,7.41,3.1
276,375.28,36300,944.4,33.59,31,0.00037,7.41,3.13
277,369.39,36300,944.4,33.59,31,0.00037,7.41,3.23
278,363.49,36300,944.4,33.59,31,0.00037,7.41,3.27
279,357.58,36300,944.4,33.59,31,0.00037,7.41,3.34
280,351.66,36300,944.4,33.59,31,0.00037,7.41,3.4
281,345.73,36300,944.4,33.59,31,0.00037,7.41,3.5
282,339.8,36300,944.4,33.59,31,0.00037,7.41,3.47
283,333.87,36300,944.4,33.59,31,0.00037,7.41,3.57
284,327.95,36300,944.4,33.59,31,0.00037,7.41,3.64
285,322.02,36300,944.4,33.59,31,0.00037,7.41,3.71
286,316.1,36300,944.4,33.59,31,0.00037,7.41,3.77
287,310.19,36300,944.4,33.59,31,0.00037,7.41,3.87
288,304.28,36300,944.4,33.59,31,0.00037,7.41,3.98
289,298.39,36300,944.4,33.59,31,0.00037,7.41,4.01
290,292.51,36300,944.4,33.59,31,0.00037,7.41,4.14
291,286.65,36300,944.4,33.59,31,0.00037,7.41,4.25
292,280.8,36300,944.4,33.59,31,0.00037,7.41,4.31
293,274.98,36300,944.4,33.59,31,0.00037,7.41,4.45
294,269.18,36300,944.4,33.59,31,0.00037,7.41,4.55
295,263.4,36300,944.4,33.59,31,0.00037,7.41,4.65
296,257.65,36300,944.4,33.59,31,0.00037,7.41,4.75
297,251.93,36300,944.4,33.59,31,0.00037,7.41,4.95
298,246.25,36300,944.4,33.59,31,0.00037,7.41,5.05
299,240.59,36300,944.4,33.59,31,0.00037,7.41,5.12
300,234.97,36300,944.4,33.59,31,0.00037,7.41,5.29
301,229.4,36300,944.4,33.59,31,0.00037,7.41,5.49
302,223.86,36300,944.4,33.59,31,0.00037,7.41,5.63
303,218.36,36300,944.4,33.59,31,0.00037,7.41,5.79
304,212.91,36300,944.4,33.59,31,0.00037,7.41,5.93
305,207.51,36300,944.4,33.59,31,0.00037,7.41,6.13
306,202.16,36300,944.4,33.59,31,0.00037,7.41,6.3
307,196.86,36300,944.4,33.59,31,0.00037,7.41,6.54
308,191.61,36300,944.4,33.59,31,0.00037,7.41,6.74
309,186.42,36300,944.4,33.59,31,0.00037,7.41,6.94
310,181.29,36300,944.4,33.59,31,0.00037,7.41,7.18
311,176.22,36300,944.4,33.59,31,0.00037,7.41,7.48
312,171.21,36300,944.4,33.59,31,0.00037,7.41,7.72
313,166.27,36300,944.4,33.59,31,0.00037,7.41,8.02
314,161.39,36300,944.4,33.59,31,0.00037,7.41,8.25
315,156.59,36300,944.4,33.59,31,0.00037,7.41,8.63
316,151.85,36300,944.4,33.59,31,0.00037,7.41,8.89
317,147.19,36300,944.4,33.59,31,0.00037,7.41,9.23
318,142.61,36300,944.4,33.59,31,0.00037,7.41,9.6
319,138.1,36300,944.4,33.59,31,0.00037,7.41,10.01
320,133.67,36300,944.4,33.59,31,0.00037,7.41,10.38
321,129.33,36300,944.4,33.59,31,0.00037,7.41,10.81
322,125.07,36300,944.4,33.59,31,0.00037,7.41,11.29
323,120.89,36300,944.4,33.59,31,0.00037,7.41,11.76
324,116.8,36300,944.4,33.59,31,0.00037,7.41,12.26
325,112.8,36300,944.4,33.59,31,0.00037,7.41,12.74
326,108.89,36300,944.4,33.59,31,0.00037,7.41,13.27
327,105.07,36300,944.4,33.59,31,0.00037,7.41,13.91
328,101.35,36300,944.4,33.59,31,0.00037,7.41,14.59
329,97.72,36300,944.4,33.59,31,0.00037,7.41,15.26
330,94.2,36300,944.4,33.59,31,0.00037,7.41,15.94
331,90.77,36300,944.4,33.59,31,0.00037,7.41,16.64
332,87.44,36300,944.4,33.59,31,0.00037,7.41,17.38
333,84.21,36300,944.4,33.59,31,0.00037,7.41,18.23
334,81.09,36300,944.4,33.59,31,0.00037,7.41,19.1
335,78.08,36300,944.4,33.59,31,0.00037,7.41,19.98
336,75.17,36300,944.4,33.59,31,0.00037,7.41,20.96
337,72.37,36300,944.4,33.59,31,0.00037,7.41,21.87
338,69.67,36300,944.4,33.59,31,0.00037,7.41,22.91
339,67.09,36300,944.4,33.59,31,0.00037,7.41,23.99
340,64.62,36300,944.4,33.59,31,0.00037,7.41,25.1
341,62.27,36300,944.4,33.59,31,0.00037,7.41,26.25
342,60.03,36300,944.4,33.59,31,0.00037,7.41,27.39
343,57.9,36300,944.4,33.59,31,0.00037,7.41,28.6
344,55.89,36300,944.4,33.59,31,0.00037,7.41,29.82
345,53.99,36300,944.4,33.59,31,0.00037,7.41,31.1
346,52.22,36300,944.4,33.59,31,0.00037,7.41,32.31
347,50.56,36300,944.4,33.59,31,0.00037,7.41,33.52
348,49.02,36300,944.4,33.59,31,0.00037,7.41,34.8
349,47.6,36300,944.4,33.59,31,0.00037,7.41,36.02
350,46.31,36300,944.4,33.59,31,0.00037,7.41,37.23
351,45.13,36300,944.4,33.59,31,0.00037,7.41,38.31
352,44.08,36300,944.4,33.59,31,0.00037,7.41,39.15
353,43.15,36300,944.4,33.59,31,0.00037,7.41,39.92
354,42.34,36300,944.4,33.59,31,0.00037,7.41,40.8
355,41.66,36300,944.4,33.59,31,0.00037,7.41,41.58
356,41.09,36300,944.4,33.59,31,0.00037,7.41,42.28
357,40.66,36300,944.4,33.59,31,0.00037,7.41,43.66
358,40.35,36300,944.4,33.59,31,0.00037,7.41,46.06
359,40.16,36300,944.4,33.59,31,0.00037,7.41,49.96
360,40.09,36300,944.4,33.59,31,0.00037,7.41,54.14
361,40.15,36300,944.4,33.59,31,0.00037,7.41,61.32
362,40.34,36300,944.4,33.59,31,0.00037,7.41,60.38
363,40.65,36300,944.4,33.59,31,0.00037,7.41,59.77
364,41.08,36300,944.4,33.59,31,0.00037,7.41,58.22
365,41.64,36300,944.4,33.59,31,0.00037,7.41,57.02
366,42.32,36300,944.4,33.59,31,0.00037,7.41,56.38
367,43.12,36300,944.4,33.59,31,0.00037,7.41,55.39
368,44.05,36300,944.4,33.59,31,0.00037,7.41,54.19
369,45.1,36300,944.4,33.59,31,0.00037,7.41,53.69
370,46.27,36300,944.4,33.59,31,0.00037,7.41,52.38
371,47.57,36300,944.4,33.59,31,0.00037,7.41,51.55
372,48.98,36300,944.4,33.59,31,0.00037,7.41,50.3
373,50.52,36300,944.4,33.59,31,0.00037,7.41,49.13
374,52.17,36300,944.4,33.59,31,0.00037,7.41,48.78
375,53.95,36300,944.4,33.59,31,0.00037,7.41,48.16
376,55.84,36300,944.4,33.59,31,0.00037,7.41,47.17
377,57.85,36300,944.4,33.59,31,0.00037,7.41,45.99
378,59.97,36300,944.4,33.59,31,0.00037,7.41,44.78
379,62.21,36300,944.4,33.59,31,0.00037,7.41,42.86
380,64.56,36300,944.4,33.59,31,0.00037,7.41,40.53
381,67.03,36300,944.4,33.59,31,0.00037,7.41,38.75
382,69.61,36300,944.4,33.59,31,0.00037,7.41,37.67
383,72.3,36300,944.4,33.59,31,0.00037,7.41,36.45
384,75.1,36300,944.4,33.59,31,0.00037,7.41,34.53
385,78.01,36300,944.4,33.59,31,0.00037,7.41,32.68
386,81.02,36300,944.4,33.59,31,0.00037,7.41,31.23
387,84.14,36300,944.4,33.59,31,0.00037,7.41,30.22
388,87.36,36300,944.4,33.59,31,0.00037,7.41,29.21
389,90.69,36300,944.4,33.59,31,0.00037,7.41,27.73
390,94.12,36300,944.4,33.59,31,0.00037,7.41,26.11
391,97.64,36300,944.4,33.59,31,0.00037,7.41,25.03
392,101.27,36300,944.4,33.59,31,0.00037,7.41,24.09
393,104.99,36300,944.4,33.59,31,0.00037,7.41,23.31
394,108.8,36300,944.4,33.59,31,0.00037,7.41,22.34
395,112.71,36300,944.4,33.59,31,0.00037,7.41,21.16
396,116.71,36300,944.4,33.59,31,0.00037,7.41,20.21
397,120.8,36300,944.4,33.59,31,0.00037,7.41,19.37
398,124.97,36300,944.4,33.59,31,0.00037,7.41,18.83
399,129.24,36300,944.4,33.59,31,0.00037,7.41,18.09
400,133.58,36300,944.4,33.59,31,0.00037,7.41,17.32
401,138.01,36300,944.4,33.59,31,0.00037,7.41,16.48
402,142.51,36300,944.4,33.59,31,0.00037,7.41,15.77
403,147.1,36300,944.4,33.59,31,0.00037,7.41,15.23
404,151.76,36300,944.4,33.59,31,0.00037,7.41,14.72
405,156.49,36300,944.4,33.59,31,0.00037,7.41,14.32
406,161.3,36300,944.4,33.59,31,0.00037,7.41,13.71
407,166.17,36300,944.4,33.59,31,0.00037,7.41,13.14
408,171.12,36300,944.4,33.59,31,0.00037,7.41,12.6
409,176.12,36300,944.4,33.59,31,0.00037,7.41,12.13
410,181.19,36300,944.4,33.59,31,0.00037,7.41,11.79
411,186.33,36300,944.4,33.59,31,0.00037,7.41,11.42
412,191.52,36300,944.4,33.59,31,0.00037,7.41,11.12
413,196.76,36300,944.4,33.59,31,0.00037,7.41,10.61
414,202.07,36300,944.4,33.59,31,0.00037,7.41,10.28
415,207.42,36300,944.4,33.59,31,0.00037,7.41,9.97
416,212.82,36300,944.4,33.59,31,0.00037,7.41,9.64
417,218.28,36300,944.4,33.59,31,0.00037,7.41,9.37
418,223.77,36300,944.4,33.59,31,0.00037,7.41,9.1
419,229.31,36300,944.4,33.59,31,0.00037,7.41,8.76
420,234.89,36300,944.4,33.59,31,0.00037,7.41,8.52
421,240.51,36300,944.4,33.59,31,0.00037,7.41,8.29
422,246.17,36300,944.4,33.59,31,0.00037,7.41,8.02
423,251.86,36300,944.4,33.59,31,0.00037,7.41,7.82
424,257.58,36300,944.4,33.59,31,0.00037,7.41,7.61
425,263.33,36300,944.4,33.59,31,0.00037,7.41,7.45
426,269.11,36300,944.4,33.59,31,0.00037,7.41,7.24
427,274.91,36300,944.4,33.59,31,0.00037,7.41,7.01
428,280.74,36300,944.4,33.59,31,0.00037,7.41,6.81
429,286.59,36300,944.4,33.59,31,0.00037,7.41,6.64
430,292.45,36300,944.4,33.59,31,0.00037,7.41,6.57
431,298.33,36300,944.4,33.59,31,0.00037,7.41,6.4
432,304.23,36300,944.4,33.59,31,0.00037,7.41,6.17
433,310.13,36300,944.4,33.59,31,0.00037,7.41,6.03
434,316.05,36300,944.4,33.59,31,0.00037,7.41,5.93
435,321.97,36300,944.4,33.59,31,0.00037,7.41,5.76
436,327.9,36300,944.4,33.59,31,0.00037,7.41,5.66
437,333.83,36300,944.4,33.59,31,0.00037,7.41,5.53
438,339.77,36300,944.4,33.59,31,0.00037,7.41,5.42
439,345.7,36300,944.4,33.59,31,0.00037,7.41,5.32
440,351.62,36300,944.4,33.59,31,0.00037,7.41,5.15
441,357.55,36300,944.4,33.59,31,0.00037,7.41,5.09
442,363.46,36300,944.4,33.59,31,0.00037,7.41,4.95
443,369.37,36300,944.4,33.59,31,0.00037,7.41,4.92
444,375.26,36300,944.4,33.59,31,0.00037,7.41,4.78
445,381.14,36300,944.4,33.59,31,0.00037,7.41,4.68
446,387.01,36300,944.4,33.59,31,0.00037,7.41,4.62
447,392.86,36300,944.4,33.59,31,0.00037,7.41,4.55
448,398.69,36300,944.4,33.59,31,0.00037,7.41,4.41
449,404.5,36300,944.4,33.59,31,0.00037,7.41,4.38
450,410.29,36300,944.4,33.59,31,0.00037,7.41,4.28
451,416.05,36300,944.4,33.59,31,0.00037,7.41,4.25
452,421.79,36300,944.4,33.59,31,0.00037,7.41,4.14
453,427.49,36300,944.4,33.59,31,0.00037,7.41,4.11
454,433.17,36300,944.4,33.59,31,0.00037,7.41,4.01
455,438.82,36300,944.4,33.59,31,0.00037,7.41,3.94
456,444.44,36300,944.4,33.59,31,0.00037,7.41,3.94
457,450.02,36300,944.4,33.59,31,0.00037,7.41,3.87
458,455.56,36300,944.4,33.59,31,0.00037,7.41,3.81
459,461.07,36300,944.4,33.59,31,0.00037,7.41,3.77
460,466.54,36300,944.4,33.59,31,0.00037,7.41,3.71
461,471.97,36300,944.4,33.59,31,0.00037,7.41,3.6
462,477.35,36300,944.4,33.59,31,0.00037,7.41,3.6
463,482.7,36300,944.4,33.59,31,0.00037,7.41,3.54
464,488,36300,944.4,33.59,31,0.00037,7.41,3.5
465,493.25,36300,944.4,33.59,31,0.00037,7.41,3.44
466,498.46,36300,944.4,33.59,31,0.00037,7.41,3.37
467,503.61,36300,944.4,33.59,31,0.00037,7.41,3.37
468,508.72,36300,944.4,33.59,31,0.00037,7.41,3.34
469,513.78,36300,944.4,33.59,31,0.00037,7.41,3.34
470,518.79,36300,944.4,33.59,31,0.00037,7.41,3.3
471,523.74,36300,944.4,33.59,31,0.00037,7.41,3.2
472,528.64,36300,944.4,33.59,31,0.00037,7.41,3.2
473,533.48,36300,944.4,33.59,31,0.00037,7.41,3.17
474,538.27,36300,944.4,33.59,31,0.00037,7.41,3.1
475,543,36300,944.4,33.59,31,0.00037,7.41,3.1
476,547.67,36300,944.4,33.59,31,0.00037,7.41,3.07
477,552.29,36300,944.4,33.59,31,0.00037,7.41,3.03
478,556.84,36300,944.4,33.59,31,0.00037,7.41,3
479,561.33,36300,944.4,33.59,31,0.00037,7.41,3
480,565.76,36300,944.4,33.59,31,0.00037,7.41,2.96
481,570.13,36300,944.4,33.59,31,0.00037,7.41,2.9
482,574.44,36300,944.4,33.59,31,0.00037,7.41,2.83
483,578.68,36300,944.4,33.59,31,0.00037,7.41,2.9
484,582.86,36300,944.4,33.59,31,0.00037,7.41,2.8
485,586.97,36300,944.4,33.59,31,0.00037,7.41,2.86
486,591.02,36300,944.4,33.59,31,0.00037,7.41,2.83
487,595,36300,944.4,33.59,31,0.00037,7.41,2.8
488,598.91,36300,944.4,33.59,31,0.00037,7.41,2.8
489,602.76,36300,944.4,33.59,31,0.00037,7.41,2.8
490,606.54,36300,944.4,33.59,31,0.00037,7.41,2.76
491,610.25,36300,944.4,33.59,31,0.00037,7.41,2.7
492,613.89,36300,944.4,33.59,31,0.00037,7.41,2.7
493,617.46,36300,944.4,33.59,31,0.00037,7.41,2.66
494,620.96,36300,944.4,33.59,31,0.00037,7.41,2.66
495,624.39,36300,944.4,33.59,31,0.00037,7.41,2.66
496,627.75,36300,944.4,33.59,31,0.00037,7.41,2.63
497,631.03,36300,944.4,33.59,31,0.00037,7.41,2.59
498,634.25,36300,944.4,33.59,31,0.00037,7.41,2.63
499,637.39,36300,944.4,33.59,31,0.00037,7.41,2.56
500,640.46,36300,944.4,33.59,31,0.00037,7.41,2.56
501,643.46,36300,944.4,33.59,31,0.00037,7.41,2.53
502,646.39,36300,944.4,33.59,31,0.00037,7.41,2.53
503,649.24,36300,944.4,33.59,31,0.00037,7.41,2.53
504,652.02,36300,944.4,33.59,31,0.00037,7.41,2.53
505,654.72,36300,944.4,33.59,31,0.00037,7.41,2.53
506,657.35,36300,944.4,33.59,31,0.00037,7.41,2.49
507,659.91,36300,944.4,33.59,31,0.00037,7.41,2.46
508,662.39,36300,944.4,33.59,31,0.00037,7.41,2.49
509,664.79,36300,944.4,33.59,31,0.00037,7.41,2.46
510,667.13,36300,944.4,33.59,31,0.00037,7.41,2.46
511,669.38,36300,944.4,33.59,31,0.00037,7.41,2.46
512,671.56,36300,944.4,33.59,31,0.00037,7.41,2.46
513,673.67,36300,944.4,33.59,31,0.00037,7.41,2.43
514,675.7,36300,944.4,33.59,31,0.00037,7.41,2.43
515,677.65,36300,944.4,33.59,31,0.00037,7.41,2.39
516,679.53,36300,944.4,33.59,31,0.00037,7.41,2.39
517,681.33,36300,944.4,33.59,31,0.00037,7.41,2.36
518,683.06,36300,944.4,33.59,31,0.00037,7.41,2.32
519,684.71,36300,944.4,33.59,31,0.00037,7.41,2.43
520,686.28,36300,944.4,33.59,31,0.00037,7.41,2.36
521,687.78,36300,944.4,33.59,31,0.00037,7.41,2.32
522,689.2,36300,944.4,33.59,31,0.00037,7.41,2.36
523,690.54,36300,944.4,33.59,31,0.00037,7.41,2.29
524,691.81,36300,944.4,33.59,31,0.00037,7.41,2.29
525,693,36300,944.4,33.59,31,0.00037,7.41,2.29
526,694.11,36300,944.4,33.59,31,0.00037,7.41,2.26
527,695.15,36300,944.4,33.59,31,0.00037,7.41,2.26
528,696.11,36300,944.4,33.59,31,0.00037,7.41,2.26
529,697,36300,944.4,33.59,31,0.00037,7.41,2.22
530,697.8,36300,944.4,33.59,31,0.00037,7.41,2.19
531,698.53,36300,944.4,33.59,31,0.00037,7.41,2.22
532,699.18,36300,944.4,33.59,31,0.00037,7.41,2.16
533,699.76,36300,944.4,33.59,31,0.00037,7.41,2.12
534,700.26,36300,944.4,33.59,31,0.00037,7.41,2.12
535,700.68,36300,944.4,33.59,31,0.00037,7.41,2.09
536,701.02,36300,944.4,33.59,31,0.00037,7.41,2.06
537,701.29,36300,944.4,33.59,31,0.00037,7.41,2.09
538,701.48,36300,944.4,33.59,31,0.00037,7.41,2.02
539,701.6,36300,944.4,33.59,31,0.00037,7.41,2.02
540,701.63,36300,944.4,33.59,31,0.00037,7.41,1.99
541,701.59,36300,944.4,33.59,31,0.00037,7.41,1.99
542,701.47,36300,944.4,33.59,31,0.00037,7.41,1.95
543,701.28,36300,944.4,33.59,31,0.00037,7.41,1.92
544,701.01,36300,944.4,33.59,31,0.00037,7.41,1.92
545,700.66,36300,944.4,33.59,31,0.00037,7.41,1.92
546,700.23,36300,944.4,33.59,31,0.00037,7.41,1.89
547,699.73,36300,944.4,33.59,31,0.00037,7.41,1.85
548,699.15,36300,944.4,33.59,31,0.00037,7.41,1.82
549,698.49,36300,944.4,33.59,31,0.00037,7.41,1.79
550,697.76,36300,944.4,33.59,31,0.00037,7.41,1.82
551,696.94,36300,944.4,33.59,31,0.00037,7.41,1.75
552,696.06,36300,944.4,33.59,31,0.00037,7.41,1.75
553,695.09,36300,944.4,33.59,31,0.00037,7.41,1.75
554,694.05,36300,944.4,33.59,31,0.00037,7.41,1.72
555,692.93,36300,944.4,33.59,31,0.00037,7.41,1.72
556,691.74,36300,944.4,33.59,31,0.00037,7.41,1.72
557,690.47,36300,944.4,33.59,31,0.00037,7.41,1.72
558,689.12,36300,944.4,33.59,31,0.00037,7.41,1.68
559,687.69,36300,944.4,33.59,31,0.00037,7.41,1.62
560,686.19,36300,944.4,33.59,31,0.00037,7.41,1.62
561,684.62,36300,944.4,33.59,31,0.00037,7.41,1.62
562,682.96,36300,944.4,33.59,31,0.00037,7.41,1.62
563,681.23,36300,944.4,33.59,31,0.00037,7.41,1.55
564,679.43,36300,944.4,33.59,31,0.00037,7.41,1.55
565,677.55,36300,944.4,33.59,31,0.00037,7.41,1.55
566,675.59,36300,944.4,33.59,31,0.00037,7.41,1.52
567,673.56,36300,944.4,33.59,31,0.00037,7.41,1.55
568,671.45,36300,944.4,33.59,31,0.00037,7.41,1.48
569,669.26,36300,944.4,33.59,31,0.00037,7.41,1.52
570,667.01,36300,944.4,33.59,31,0.00037,7.41,1.52
571,664.67,36300,944.4,33.59,31,0.00037,7.41,1.52
572,662.26,36300,944.4,33.59,31,0.00037,7.41,1.52
573,659.78,36300,944.4,33.59,31,0.00037,7.41,1.48
574,657.22,36300,944.4,33.59,31,0.00037,7.41,1.45
575,654.59,36300,944.4,33.59,31,0.00037,7.41,1.45
576,651.88,36300,944.4,33.59,31,0.00037,7.41,1.45
577,649.1,36300,944.4,33.59,31,0.00037,7.41,1.45
578,646.25,36300,944.4,33.59,31,0.00037,7.41,1.45
579,643.33,36300,944.4,33.59,31,0.00037,7.41,1.42
580,640.33,36300,944.4,33.59,31,0.00037,7.41,1.38
581,637.25,36300,944.4,33.59,31,0.00037,7.41,1.42
582,634.11,36300,944.4,33.59,31,0.00037,7.41,1.38
583,630.89,36300,944.4,33.59,31,0.00037,7.41,1.42
584,627.61,36300,944.4,33.59,31,0.00037,7.41,1.38
585,624.25,36300,944.4,33.59,31,0.00037,7.41,1.42
586,620.82,36300,944.4,33.59,31,0.00037,7.41,1.42
587,617.32,36300,944.4,33.59,31,0.00037,7.41,1.42
588,613.75,36300,944.4,33.59,31,0.00037,7.41,1.42
589,610.11,36300,944.4,33.59,31,0.00037,7.41,1.42
590,606.4,36300,944.4,33.59,31,0.00037,7.41,1.42
591,602.62,36300,944.4,33.59,31,0.00037,7.41,1.42
592,598.78,36300,944.4,33.59,31,0.00037,7.41,1.42
593,594.87,36300,944.4,33.59,31,0.00037,7.41,1.42
594,590.89,36300,944.4,33.59,31,0.00037,7.41,1.42
595,586.84,36300,944.4,33.59,31,0.00037,7.41,1.45
596,582.73,36300,944.4,33.59,31,0.00037,7.41,1.48
597,578.55,36300,944.4,33.59,31,0.00037,7.41,1.48
598,574.31,36300,944.4,33.59,31,0.00037,7.41,1.48
599,570.01,36300,944.4,33.59,31,0.00037,7.41,1.48
600,565.64,36300,944.4,33.59,31,0.00037,7.41,1.52
601,561.21,36300,944.4,33.59,31,0.00037,7.41,1.55
602,556.72,36300,944.4,33.59,31,0.00037,7.41,1.52
603,552.17,36300,944.4,33.59,31,0.00037,7.41,1.58
604,547.56,36300,944.4,33.59,31,0.00037,7.41,1.58
605,542.89,36300,944.4,33.59,31,0.00037,7.41,1.58
606,538.16,36300,944.4,33.59,31,0.00037,7.41,1.58
607,533.38,36300,944.4,33.59,31,0.00037,7.41,1.62
608,528.54,36300,944.4,33.59,31,0.00037,7.41,1.62
609,523.64,36300,944.4,33.59,31,0.00037,7.41,1.62
610,518.7,36300,944.4,33.59,31,0.00037,7.41,1.65
611,513.69,36300,944.4,33.59,31,0.00037,7.41,1.68
612,508.64,36300,944.4,33.59,31,0.00037,7.41,1.65
613,503.54,36300,944.4,33.59,31,0.00037,7.41,1.72
614,498.38,36300,944.4,33.59,31,0.00037,7.41,1.68
615,493.18,36300,944.4,33.59,31,0.00037,7.41,1.68
616,487.93,36300,944.4,33.59,31,0.00037,7.41,1.68
617,482.64,36300,944.4,33.59,31,0.00037,7.41,1.72
618,477.3,36300,944.4,33.59,31,0.00037,7.41,1.75
619,471.92,36300,944.4,33.59,31,0.00037,7.41,1.75
620,466.49,36300,944.4,33.59,31,0.00037,7.41,1.75
621,461.03,36300,944.4,33.59,31,0.00037,7.41,1.75
622,455.52,36300,944.4,33.59,31,0.00037,7.41,1.75
623,449.98,36300,944.4,33.59,31,0.00037,7.41,1.79
624,444.41,36300,944.4,33.59,31,0.00037,7.41,1.82
625,438.8,36300,944.4,33.59,31,0.00037,7.41,1.75
626,433.15,36300,944.4,33.59,31,0.00037,7.41,1.79
627,427.48,36300,944.4,33.59,31,0.00037,7.41,1.85
628,421.78,36300,944.4,33.59,31,0.00037,7.41,1.79
629,416.04,36300,944.4,33.59,31,0.00037,7.41,1.85
630,410.29,36300,944.4,33.59,31,0.00037,7.41,1.79
631,404.51,36300,944.4,33.59,31,0.00037,7.41,1.85
632,398.7,36300,944.4,33.59,31,0.00037,7.41,1.79
633,392.88,36300,944.4,33.59,31,0.00037,7.41,1.85
634,387.03,36300,944.4,33.59,31,0.00037,7.41,1.79
635,381.17,36300,944.4,33.59,31,0.00037,7.41,1.85
636,375.29,36300,944.4,33.59,31,0.00037,7.41,1.79
637,369.4,36300,944.4,33.59,31,0.00037,7.41,1.85
638,363.5,36300,944.4,33.59,31,0.00037,7.41,1.79
639,357.59,36300,944.4,33.59,31,0.00037,7.41,1.85
640,351.67,36300,944.4,33.59,31,0.00037,7.41,1.79
641,345.75,36300,944.4,33.59,31,0.00037,7.41,1.82
642,339.82,36300,944.4,33.59,31,0.00037,7.41,1.75
643,333.9,36300,944.4,33.59,31,0.00037,7.41,1.79
644,327.97,36300,944.4,33.59,31,0.00037,7.41,1.82
645,322.04,36300,944.4,33.59,31,0.00037,7.41,1.72
646,316.12,36300,944.4,33.59,31,0.00037,7.41,1.79
647,310.21,36300,944.4,33.59,31,0.00037,7.41,1.82
648,304.31,36300,944.4,33.59,31,0.00037,7.41,1.68
649,298.42,36300,944.4,33.59,31,0.00037,7.41,1.72
650,292.54,36300,944.4,33.59,31,0.00037,7.41,1.75
651,286.68,36300,944.4,33.59,31,0.00037,7.41,1.72
652,280.84,36300,944.4,33.59,31,0.00037,7.41,1.72
653,275.01,36300,944.4,33.59,31,0.00037,7.41,1.72
654,269.21,36300,944.4,33.59,31,0.00037,7.41,1.72
655,263.44,36300,944.4,33.59,31,0.00037,7.41,1.72
656,257.69,36300,944.4,33.59,31,0.00037,7.41,1.68
657,251.97,36300,944.4,33.59,31,0.00037,7.41,1.62
658,246.29,36300,944.4,33.59,31,0.00037,7.41,1.65
659,240.63,36300,944.4,33.59,31,0.00037,7.41,1.68
660,235.02,36300,944.4,33.59,31,0.00037,7.41,1.65
661,229.44,36300,944.4,33.59,31,0.00037,7.41,1.68
662,223.9,36300,944.4,33.59,31,0.00037,7.41,1.62
663,218.4,36300,944.4,33.59,31,0.00037,7.41,1.62
664,212.95,36300,944.4,33.59,31,0.00037,7.41,1.62
665,207.55,36300,944.4,33.59,31,0.00037,7.41,1.58
666,202.2,36300,944.4,33.59,31,0.00037,7.41,1.62
667,196.9,36300,944.4,33.59,31,0.00037,7.41,1.58
668,191.65,36300,944.4,33.59,31,0.00037,7.41,1.58
669,186.46,36300,944.4,33.59,31,0.00037,7.41,1.58
670,181.33,36300,944.4,33.59,31,0.00037,7.41,1.58
671,176.26,36300,944.4,33.59,31,0.00037,7.41,1.58
672,171.26,36300,944.4,33.59,31,0.00037,7.41,1.62
673,166.31,36300,944.4,33.59,31,0.00037,7.41,1.58
674,161.44,36300,944.4,33.59,31,0.00037,7.41,1.58
675,156.63,36300,944.4,33.59,31,0.00037,7.41,1.62
676,151.9,36300,944.4,33.59,31,0.00037,7.41,1.58
677,147.24,36300,944.4,33.59,31,0.00037,7.41,1.62
678,142.65,36300,944.4,33.59,31,0.00037,7.41,1.62
679,138.15,36300,944.4,33.59,31,0.00037,7.41,1.62
680,133.72,36300,944.4,33.59,31,0.00037,7.41,1.58
681,129.37,36300,944.4,33.59,31,0.00037,7.41,1.62
682,125.11,36300,944.4,33.59,31,0.00037,7.41,1.62
683,120.93,36300,944.4,33.59,31,0.00037,7.41,1.62
684,116.84,36300,944.4,33.59,31,0.00037,7.41,1.62
685,112.84,36300,944.4,33.59,31,0.00037,7.41,1.65
686,108.93,36300,944.4,33.59,31,0.00037,7.41,1.68
687,105.12,36300,944.4,33.59,31,0.00037,7.41,1.65
688,101.39,36300,944.4,33.59,31,0.00037,7.41,1.68
689,97.77,36300,944.4,33.59,31,0.00037,7.41,1.65
690,94.24,36300,944.4,33.59,31,0.00037,7.41,1.68
691,90.81,36300,944.4,33.59,31,0.00037,7.41,1.68
692,87.48,36300,944.4,33.59,31,0.00037,7.41,1.68
693,84.25,36300,944.4,33.59,31,0.00037,7.41,1.72
694,81.13,36300,944.4,33.59,31,0.00037,7.41,1.75
695,78.11,36300,944.4,33.59,31,0.00037,7.41,1.72
696,75.2,36300,944.4,33.59,31,0.00037,7.41,1.75
697,72.4,36300,944.4,33.59,31,0.00037,7.41,1.75
698,69.71,36300,944.4,33.59,31,0.00037,7.41,1.75
699,67.12,36300,944.4,33.59,31,0.00037,7.41,1.79
700,64.65,36300,944.4,33.59,31,0.00037,7.41,1.82
701,62.3,36300,944.4,33.59,31,0.00037,7.41,1.72
702,60.05,36300,944.4,33.59,31,0.00037,7.41,1.79
703,57.92,36300,944.4,33.59,31,0.00037,7.41,1.85
704,55.91,36300,944.4,33.59,31,0.00037,7.41,1.79
705,54.02,36300,944.4,33.59,31,0.00037,7.41,1.85
706,52.24,36300,944.4,33.59,31,0.00037,7.41,1.82
707,50.58,36300,944.4,33.59,31,0.00037,7.41,1.82
708,49.04,36300,944.4,33.59,31,0.00037,7.41,1.82
709,47.62,36300,944.4,33.59,31,0.00037,7.41,1.85
710,46.32,36300,944.4,33.59,31,0.00037,7.41,1.89
711,45.15,36300,944.4,33.59,31,0.00037,7.41,1.92
712,44.09,36300,944.4,33.59,31,0.00037,7.41,1.99
713,43.16,36300,944.4,33.59,31,0.00037,7.41,1.99
714,42.35,36300,944.4,33.59,31,0.00037,7.41,2.02
715,41.66,36300,944.4,33.59,31,0.00037,7.41,2.02
716,41.1,36300,944.4,33.59,31,0.00037,7.41,2.06
717,40.66,36300,944.4,33.59,31,0.00037,7.41,2.12
718,40.35,36300,944.4,33.59,31,0.00037,7.41,2.16
719,40.16,36300,944.4,33.59,31,0.00037,7.41,2.16
720,40.09,36300,944.4,33.59,31,0.00037,7.41,2.16
